x1,x2
-158.181902,-19.729831
-158.293748,-19.849998
-158.405537,-19.648592
-158.517269,-19.447036
-158.628945,-19.245329
-158.740564,-19.043471
-158.852126,-18.841463
-158.963633,-18.639305
-159.075082,-18.598049
-159.186476,-18.395635
-159.297813,-18.193072
-159.409094,-17.99036
-159.52032,-17.787499
-159.631489,-17.584491
-159.742602,-17.381334
-159.85366,-17.17803
-159.964661,-16.974578
-160.075607,-16.770979
-160.186497,-16.567234
-160.297332,-16.363342
-160.408112,-16.320863
-160.518835,-16.278321
-160.629504,-16.235714
-160.740117,-16.193044
-160.850676,-16.150311
-160.961179,-16.107516
-161.071627,-16.064657
-161.18202,-16.021735
-161.292359,-15.978752
-161.402642,-15.935706
-161.512871,-15.892598
-161.623046,-15.849428
-161.733166,-15.644162
-161.843231,-15.438754
-161.953242,-15.233203
-162.063199,-15.351827
-162.173102,-15.470466
-162.282951,-15.589122
-162.392746,-15.707792
-162.502487,-15.826479
-162.612174,-15.620496
-162.721808,-15.739141
-162.831387,-15.53296
-162.940914,-15.32664
-163.050387,-15.12018
-163.159806,-14.91358
-163.269173,-14.706842
-163.378486,-14.82522
-163.487746,-14.943614
-163.596954,-15.062025
-163.706108,-15.180454
-163.81521,-15.298899
-163.924259,-15.417362
-164.033255,-15.535842
-164.142199,-15.65434
-164.251091,-15.772854
-164.35993,-15.891387
-164.468718,-16.009936
-164.577453,-16.128503
-164.686136,-16.247088
-164.794768,-16.36569
-164.903347,-16.484309
-165.011876,-16.602947
-165.120352,-16.721601
-165.228777,-16.840274
-165.337151,-16.958964
-165.445474,-17.077672
-165.553745,-16.869706
-165.661966,-16.661606
-165.770136,-16.453373
-165.878254,-16.245006
-165.986323,-16.036506
-166.09434,-16.15497
-166.202307,-16.273452
-166.310224,-16.391953
-166.418091,-16.183167
-166.525907,-16.137943
-166.633674,-16.092665
-166.741391,-16.047335
-166.849057,-16.001951
-166.956675,-15.956513
-167.064242,-15.911023
-167.17176,-15.865481
-167.279229,-15.819886
-167.386649,-15.774238
-167.49402,-15.728539
-167.601341,-15.682787
-167.708614,-15.636984
-167.815838,-15.591129
-167.923014,-15.545223
-168.030141,-15.499265
-168.137219,-15.453257
-168.24425,-15.407197
-168.351232,-15.361087
-168.458166,-15.314927
-168.565053,-15.268716
-168.671891,-15.222455
-168.778682,-15.176144
-168.885426,-15.129784
-168.992122,-15.083374
-169.09877,-15.036914
-169.205372,-14.990406
-169.311927,-14.943848
-169.418434,-14.897242
-169.524895,-14.850587
-169.63131,-14.803883
-169.737677,-14.757132
-169.843999,-14.710332
-169.950274,-14.498625
-170.056503,-14.451694
-170.162686,-14.404716
-170.268823,-14.192724
-170.374915,-13.980612
-170.48096,-13.768381
-170.586961,-13.556032
-170.692916,-13.343565
-170.798825,-13.461283
-170.90469,-13.579022
-171.01051,-13.696782
-171.116285,-13.814563
-171.222015,-13.932365
-171.3277,-14.050188
-171.433342,-14.168032
-171.538939,-14.285897
-171.644491,-14.072967
