start_time,0.85,0.8657894736842106,0.881578947368421,0.8973684210526315,0.9131578947368421,0.9289473684210526,0.9447368421052631,0.9605263157894737,0.9763157894736842,0.9921052631578947,1.0078947368421052,1.0236842105263158,1.0394736842105263,1.055263157894737,1.0710526315789473,1.0868421052631578,1.1026315789473684,1.118421052631579,1.1342105263157893,1.15
1976-01-01T00:00:00.0,838.5728841607585,730.8388966002735,738.7454671488057,779.7160241281302,714.5643194825373,713.7100805596385,440.84803525689034,771.1976559939856,769.9282402870691,699.2861704894071,686.995485830336,673.2000945964398,673.8281819919534,672.0227704992706,670.4954403993019,662.342826355547,662.3738961542881,667.0621396124606,660.4940850609714,659.453962992347
1976-01-01T12:00:00.0,287.21494054105193,285.61136614311886,283.6098802655049,283.24119223724404,790.719519796847,747.5216076106936,812.1985664714947,701.2718433331506,807.5839432148254,793.0676756832406,684.022950938099,660.2455284991518,387.9546346935588,383.26262594638274,642.4726729352412,640.6338095219933,639.822034560769,657.0250838973086,639.7414210690197,639.0650688515674
1976-01-02T00:00:00.0,266.35497434969676,261.52391662315995,259.43268167769713,259.13002848933223,258.21778867575483,256.03999478343565,774.2391267841956,258.186718647066,675.2674582770399,649.6614670038091,646.113534346889,639.3823819834288,629.7458459489989,639.5558324409541,639.4312435546182,948.5791744277584,948.2729761193831,628.8770129212513,628.1087737616422,622.6330936028297
1976-01-02T12:00:00.0,251.05158386051926,256.22910365689665,245.3931185142204,242.06624743352324,238.2996417603771,234.27977644229648,232.7449241666867,229.0472789529422,227.7619424730378,224.52435503392803,224.54180847659237,225.04190030859743,225.9870930978023,227.6498387221438,232.4624331711878,232.58883788547004,231.7103209449259,230.2339120641282,740.9358126983708,626.1894533801562
1976-01-03T00:00:00.0,238.9483590998556,240.24327907987825,243.69522581007206,230.97858933939236,227.91621593285984,228.03683264663314,224.28140189880295,220.42175265206203,216.56567501031887,214.28688978058466,210.8206964376443,207.29973449639863,205.45713840387393,203.74022584748877,203.36980216308945,203.28278145752202,201.8704337206693,200.46504009684963,198.67366006815988,196.88427044323234
1976-01-03T12:00:00.0,222.33497130291545,220.60771831429216,218.7630399123947,217.44433020880427,216.31968165490335,215.84879722580172,213.3815310927141,211.62432532757134,212.45121566165136,206.66494086932332,204.60644585645528,203.21710695497188,200.36004541700711,194.73279910575127,196.69970952598237,191.3819995752828,191.0176515636588,187.0014082554562,183.5308072586008,182.20980334146986
1976-01-04T00:00:00.0,210.54573260357137,207.33149106420268,204.98728056810177,202.50627030625185,201.09828930211748,198.83758581055565,197.33180315966035,195.87840348512827,193.9932757102177,192.83123091590107,191.26871472203996,192.22610964042434,189.36998839739525,189.23743602295326,187.87423920393687,185.8842497987222,186.67312135424126,183.58246158332616,179.41235836874299,178.65853874036762
1976-01-04T12:00:00.0,199.8961135350438,196.52460406398978,193.52443958891052,192.52982572608258,189.11317776488153,185.9146064583832,183.9939075429941,181.91439181408992,180.12723653384552,178.44444468393624,176.14883102348915,175.05020927790244,173.21295858923162,171.7346876144298,170.56329000245972,168.98615065474644,167.89519480781166,167.0518980956669,165.50897813733013,165.8950461492215
1976-01-05T00:00:00.0,210.4077495837388,218.4395161837866,558.3187688490721,187.0182736838522,185.02336444534333,181.75465793250115,178.19962090896564,175.2012589168038,172.75394155038936,170.6422698202315,168.31464950713834,164.78445014886663,162.96786330382636,161.1755501276917,159.18729138946932,157.52930484954538,156.0519970224987,154.29944140035522,153.26820102901914,151.3096341638184
1976-01-05T12:00:00.0,224.89750165796264,219.6940173560222,215.65873863943085,207.30254593521298,199.32432735745624,202.90456675591057,192.89174541294608,188.5094503142935,184.94074264596125,646.850609109828,538.1348204257002,535.3280058853134,533.7663987348631,530.7898965586428,529.2868174522096,526.5950421565233,524.6587290486206,522.4884403903156,520.4642550897343,518.3628946785918
1976-01-06T00:00:00.0,601.8600934156859,614.5664238698673,578.4617425890656,252.9414930565102,237.134497894246,223.8347789585346,205.20985309922975,203.031045261062,193.7695243868896,191.84040588250454,182.6297161868511,182.44167957525602,176.93530242205458,178.60115346812077,171.15675063661516,169.14957155930136,165.31875572908976,162.4955684478514,626.9536601783614,624.9037694581639
1976-01-06T12:00:00.0,608.611339491911,617.8961727580164,612.6436103826104,590.9721153983921,597.8221989662682,588.9367996981265,577.1021933722645,576.167532999265,570.6427690209882,595.0779295769485,560.4128293880216,210.00758631362748,197.41798014230065,180.54814020877737,178.39730797418014,170.0112359625472,170.38757589493537,159.8935398796649,156.47012667447095,159.20414399558885
1976-01-07T00:00:00.0,302.5997993982322,601.7216147793769,598.2705724979256,597.5427323101428,600.1393960845126,595.1433273164874,595.0389645874626,587.8446106301324,593.0766931021075,581.2768430589532,578.7673183354841,586.0739359056868,571.549426615954,570.1871778427219,565.8691474179424,568.1218133615008,544.8472960002206,544.2029662767318,554.1975047759112,530.6136903225301
1976-01-07T12:00:00.0,594.7138264525529,593.4760327193661,590.8344319919208,588.0590870480896,586.8166012291542,585.2492011622479,583.6636699971747,582.9597525095166,576.1700151752608,578.688503530921,574.3897339478361,570.7098414581709,571.0025863525821,570.2484357344225,564.5223887947615,564.6914197057746,561.6073814583046,577.1957840744376,561.604544205254,567.9168614334527
1976-01-08T00:00:00.0,578.1461931444035,577.699096484249,575.3878495309868,574.3156873727618,572.0249161661774,572.3309612595802,572.0672522038772,570.3878169129412,569.0126772748395,567.8855271820385,563.4117504424275,562.0494409656039,560.2513321566747,559.0431693522969,556.2223535154031,552.0160793212192,554.6060842615843,551.1720643797397,549.6061097837293,547.8883698662271
1976-01-08T12:00:00.0,569.48943985634,565.6762688610822,563.0853218567015,560.1887831453839,557.6913851946452,556.3066035788707,553.706920422328,552.0412850771245,551.7208116409421,551.2813101133547,549.7377108156572,549.4321005423972,548.7196219965371,547.2241140447904,545.6968045711079,544.041464846866,543.2882454181321,544.1785379336944,543.4464615047391,541.7190346277677
1976-01-09T00:00:00.0,588.2813219438597,585.8245739699995,574.9492626213134,566.5334650006672,561.8579059628944,556.4625428743173,553.5837295923059,548.7589738098419,545.3888039524164,542.7207693834531,539.6921708543858,537.2728271743088,534.775880403939,532.9295423382873,530.4268557260368,529.7092655461746,528.035291939153,527.668670032909,526.2591210308859,525.3689373776599
1976-01-09T12:00:00.0,610.2179242096599,604.9112179543102,582.7980778134315,372.146159516418,369.91160812700565,571.5532739712296,563.4800163676277,562.4029735923644,558.8010005957859,552.4604646463587,547.8943168550043,544.6633513388541,540.8632616407963,540.2007899951715,538.0517847067565,535.0994974371393,531.3289239878858,526.148260492776,526.5131980599994,524.1035164308564
1976-01-10T00:00:00.0,356.035476710473,351.7708778094833,349.25811855414224,353.62864084308393,628.312970850438,637.3721236866979,632.6358475928316,627.050916043043,626.4052798868345,625.6408480543271,625.5313894615203,329.99187622965763,318.7966326115353,623.7835484997645,297.4928312757008,313.81222720887223,517.6149652804633,516.2672293958614,514.386684845569,514.0048547039846
1976-01-10T12:00:00.0,610.8686511914619,325.53749557794765,334.3978062040463,618.6854962412032,618.1297099273094,607.8477389993043,616.5622161912352,607.2484761854034,614.6075501601503,605.8163288115758,308.8426396439139,603.3827977022346,604.7452882068994,300.90966325571856,293.6200503426996,303.3600097656427,272.5773354157656,255.44609153950907,584.5030865031746,254.91207621926972
1976-01-11T00:00:00.0,606.8067637769742,331.0082832381682,595.5561371072137,590.3115142531913,310.03421309313467,300.1358426792697,304.7341283255303,589.0071691475729,585.6151808938807,583.0329827269192,383.9449866730442,581.6960816211027,581.7627752164124,256.327998584847,255.11606167208802,271.5294117967987,254.09261669010664,251.540817658757,277.93850475549874,250.73470754944725
1976-01-11T12:00:00.0,609.5276196808559,328.6783689002262,329.4871398702375,321.7213580796071,587.8955486939174,584.0159903187846,312.35820582004266,568.0135926542703,567.3029582938814,566.4582332113253,278.0911185078128,270.8107469440225,273.4823926144171,556.1471005333573,250.25747898334723,260.1794385142124,249.07985005319145,553.8616152810158,545.0189897124726,552.5555450876053
1976-01-12T00:00:00.0,381.52238804448876,390.55080500867723,405.60853852975595,637.1835982087237,368.2542676925265,356.20769648685825,353.72640290145074,609.1444669169424,604.0117946694178,597.7136407262486,582.8311290293104,579.832864128638,573.7152291665841,565.2936917929943,292.3156580291382,554.0279269811207,551.9205752105154,551.8120710759617,546.9311114142596,541.7188747356192
1976-01-12T12:00:00.0,757.2143203306526,744.407067844038,739.4622940225307,737.9736123543679,723.5024843400024,722.5921253008338,709.8527029493489,702.2686008442046,674.2404812535264,666.0065663761325,663.1797260462064,659.7954458909754,657.4123528401229,632.3264372307284,630.5187406340976,630.5682188826806,619.608362378459,613.0549628615674,601.5519876303572,593.1561490514899
1976-01-13T00:00:00.0,778.2869193639418,771.9155046271861,756.971424301335,741.2716522928714,732.3935490078221,717.6306292705682,713.7283908681866,711.4250786573605,692.3274336393878,686.1181491428702,683.6715332128553,357.5229974466388,356.5129092197538,354.83117176398036,657.4847140497681,641.4338123923623,637.7638364411799,634.3225820309009,622.8424048889668,626.3961500282344
1976-01-13T12:00:00.0,769.374355202184,765.7825109361671,756.0726753374382,749.8547733155835,746.7828298539239,733.2425151846048,745.4434354464386,724.3470605905558,695.6394659957505,690.6344679815288,691.2996089351757,689.7136033043686,676.7122059451879,665.3458675052058,664.4735758614027,662.8138086183661,682.914926617514,657.4322457680347,656.8648372171162,643.0511512337359
1976-01-14T00:00:00.0,757.219604105561,752.3279616262521,754.0450028065676,748.3652190852316,747.0924661462136,735.3502105265917,734.530923772837,731.1306123135056,713.5504221316452,715.971421377341,711.2720138630306,690.8621694798402,683.5190416757561,680.1339495056155,654.2569492522481,646.4679930491587,642.2843878181498,642.1740080829956,639.6590056846704,635.7637070669092
1976-01-14T12:00:00.0,745.1020767237808,741.5680317687456,739.6569234193837,736.7191722092183,734.1079213267312,735.0170747233916,730.6310652996226,730.2728498592129,728.513546825597,724.4367612614452,727.0563178314211,710.4226236388495,710.581382345991,702.1888339986496,692.778745457025,692.6482934939708,689.9495632836336,680.1751757957678,671.109950430425,659.0794495514101
1976-01-15T00:00:00.0,295.21533565191174,288.95288932600874,287.26727456630783,290.6162901957172,283.55443020272565,282.66639953327467,282.39921048695834,280.48498936851206,279.39915191011653,276.8066498346439,278.5289708463651,277.0654217588622,275.11978884605014,274.22795969820703,273.96330885687297,272.2079531874819,271.81122781064886,271.66472911973045,271.5054327359936,271.21413421880544
1976-01-15T12:00:00.0,275.51563519714875,270.6074082166335,269.0161081674725,266.95851048775853,268.3940414987497,261.329399907199,261.8403002252221,264.50914570629004,258.7344693002241,257.78013983641165,257.14368713907436,255.5002775820739,253.94089177519453,253.88801543232856,253.0701793520949,251.7326296201307,250.65254204162073,250.3339113416423,248.6405436360699,247.80308271519783
1976-01-16T00:00:00.0,257.0583598974555,253.77953064673093,251.24007222165127,250.44226789578553,247.9039413366864,246.40096101861891,245.8988421815974,244.0491920983125,243.15837933362315,239.31695129663646,236.53672477016113,234.6446452779624,233.8575030975847,232.9242787996253,232.5393386885317,231.28781298984035,231.11948436739868,228.95834614100457,228.63022131324524,228.77463753080974
1976-01-16T12:00:00.0,244.80620971883744,244.12432877226226,239.72010994353613,236.72763677474146,232.40688736906432,231.0149934521484,228.7466096025188,225.8472329879502,223.42335324981664,221.19807891226895,220.85046838909142,219.5492889346627,220.7532100645352,218.37768914025298,216.06020199625894,214.9049082762944,211.44976903447545,209.85339339589822,209.61029449802845,208.5334363345429
1976-01-17T00:00:00.0,239.714708020192,239.63488369605236,232.697197372696,222.00565108003627,218.52480288310213,218.51131866168507,216.59187374335946,214.0607868587033,211.1516770414234,208.8938729363619,205.1468530121621,203.82392040540384,201.62410731070045,200.45197198516547,198.17407956392572,196.16962551616047,194.77125588135283,194.45476438475026,193.76819120172541,192.84721401374142
1976-01-17T12:00:00.0,243.32704534669554,233.8244895618715,223.83900984472504,221.8765170912003,217.9899274705343,214.10309143857324,205.7433145707376,205.503415283002,201.35958860782847,194.1467224256464,193.3002814095655,190.32830356030317,190.17872949154062,188.51982879671576,187.42018485206705,184.90563943821513,182.15274559762122,180.1584245120641,177.9959533972477,177.0373274878617
1976-01-18T00:00:00.0,223.8654985134357,221.41958176098603,218.7079427879238,215.4384942696542,212.3461167496859,203.86239540437262,199.71494278352395,194.8749572563654,195.64805251426915,192.67769848279548,190.45585006249667,188.80844722314754,181.49977720759293,179.2481806222285,176.02296695128157,175.22974948176198,173.76079484129627,171.27573180458148,165.8207031180117,164.08232555600907
1976-01-18T12:00:00.0,225.420528207209,222.52231344206257,224.30856378396285,222.93991401845253,217.2439598381081,199.57095832114422,197.20997606755597,197.22335810464753,188.4497301590869,185.53792572091166,182.3867848266562,181.3506176008906,177.76203503619445,172.60499760008656,169.9925463204505,166.11027460358184,164.0064801681515,161.86573333359686,158.58716804720925,156.30246153893515
1976-01-19T00:00:00.0,217.38653469060847,214.57996005459347,214.2888025972041,210.85094459240713,204.71088180526584,203.03422503297713,201.67599745434396,182.6184295746793,194.92832563251616,180.7490478063313,176.69451534010395,176.25717942568636,175.7298243791803,164.69089282915002,162.83165231143943,160.12136466945148,155.016073873114,153.72156708015848,148.48810422849766,145.7406359087872
1976-01-19T12:00:00.0,307.57904698432196,273.0223679192278,273.2690110806839,255.5357370487406,249.0566460471337,244.16964058909565,243.2143860076273,230.85520573968716,236.1772451937037,221.2891524308236,214.95913231231734,211.01801449996313,196.95758749152145,212.02143741134108,193.41484318609847,188.61527405555407,185.84161288241813,182.61836499316496,179.57207819340726,177.50262600199488
1976-01-20T00:00:00.0,403.15385252049384,385.9513276474044,355.6632259432298,354.63532897892776,313.6016849420026,310.03532603846156,310.86819233183735,301.3463413569702,277.4318854696457,275.07733900286286,267.1686954495248,263.1360128857661,261.4081118719046,255.47962513604452,250.67860640772912,252.96270091137265,253.46405890876818,239.58254036161944,231.00599255906198,230.34290533902285
1976-01-20T12:00:00.0,452.3408441136123,419.13919316752464,399.9701273301893,393.41437577644143,395.6200866777809,392.46941512596,381.47880835769564,367.83106332847433,366.5078386612933,364.30976394279435,356.42442093079643,351.0974914609116,341.492250530385,342.26580868111586,311.69988747288266,301.4409341212223,287.85838943335267,276.57808489434797,263.22227611113493,276.6188346461773
1976-01-21T00:00:00.0,432.3841725857268,429.7917675420062,415.1005437034336,396.82591772901606,375.8314366365005,374.68442079939007,371.7702722909051,371.5583169713455,359.49017866709,358.79772441632076,343.29598622922964,343.2646295873709,342.7813075223897,345.84678589387505,348.24074525281765,338.16677723442524,337.70551027469924,327.22079289386613,323.35295557457,320.3421676490549
1976-01-21T12:00:00.0,428.5462886456138,422.40548031961106,407.47407645142084,398.8868913908353,373.030515543821,355.66521703555867,357.57097498216496,364.65802250293206,359.63198260684493,353.91520637866336,339.7952090368673,348.9082582625136,325.9177785405183,324.4661518959257,323.2224060537686,316.7186554488295,316.25636940071166,308.6273449936265,314.7127141289218,313.4813074478621
1976-01-22T00:00:00.0,412.45733022821935,409.7822478933963,409.67779694625955,399.790452835618,393.7231665926799,387.8079126095656,375.4144469436451,374.9442016623383,353.3107631621637,360.28197604834935,333.9530446730683,337.3514834060511,327.2363307075968,316.5491699010612,316.0042192522196,300.67363832129826,302.0080522311439,295.22941863528877,297.60915633853926,293.76936920072876
1976-01-22T12:00:00.0,394.1994392003629,389.45202464618563,389.21812415976484,382.9317157195482,379.86677666313517,371.94737169566724,370.9789339416148,371.7199419781674,362.24672967412505,367.0088120615139,369.1104015307792,351.02206466538814,349.32222175321067,360.3811011027782,314.04492793296964,297.8523497350307,313.37146874830626,283.2111134483845,296.6144634254792,289.5685786113291
1976-01-23T00:00:00.0,392.96792262398384,384.0387811735176,378.09364397462355,374.1694728456848,373.19260858626507,371.1815519545167,368.53769557370276,370.2375797606341,367.39726800166045,361.1540850527192,349.7552002071704,351.90727082210213,345.6814183288039,339.3871983715773,328.27136346473077,328.04585299112006,339.34234570902544,326.0444204039909,314.9104588293242,314.51819831528024
1976-01-23T12:00:00.0,400.66551372907145,391.14938918295655,382.56927161009656,379.5155108149669,373.69245261019466,367.16658021699106,363.23546888472663,358.79222912475853,354.45335329181756,352.61338894055854,350.51878551246995,348.0258283195429,348.6918913772683,347.2766944992822,346.23713269001416,342.1968379276227,341.6226946158743,338.33022583396814,337.13464725072106,333.0290043253101
1976-01-24T00:00:00.0,423.9002736319099,419.2916451424999,416.15627676814313,414.47916439933744,397.50320783140717,390.9647513668178,387.90692680655826,371.4357745242799,358.959794928293,352.0363283952837,352.5983322993046,347.04034792086946,341.00111023146627,334.6005865443432,331.4754722152377,329.3791133659092,326.57865434065474,327.2979088690902,325.28060023253227,324.0886077469402
1976-01-24T12:00:00.0,433.1158070997757,428.62755143621837,398.2413240624329,397.2346522454165,390.2998187882245,386.15592122798233,376.72177655402743,374.52489867732135,371.3688358731968,367.26523888166867,363.35262188838533,362.5682728602117,359.25201568829453,342.2844435754031,335.10408102357616,332.6321766871819,332.22383565356944,322.758736797259,319.35070471905544,314.5387556948863
1976-01-25T00:00:00.0,449.83606654093825,446.7275177820032,416.74587198960813,404.0483422806358,410.74052153085216,400.3287215976656,375.44155264928526,370.4623025813267,354.3020986226192,354.04460039220197,346.6872430177122,346.47545075446305,340.71975173737684,339.6093410769264,335.8400923613213,335.0823064678498,332.2973547409282,330.35152309222764,326.98219359170923,321.431459756708
1976-01-25T12:00:00.0,437.040234655902,432.7434297251414,430.8307335907148,427.6149287448164,422.2460311921343,413.32261851713565,394.16482199005947,383.81821451129485,386.2224507833353,376.572260882945,359.9148464609314,351.5716278166933,347.6910996578494,329.0748155822888,327.21087164263287,322.39637153569697,318.9805938998126,316.1600046074092,312.6013759418415,312.1184530358578
1976-01-26T00:00:00.0,429.68672429027146,429.433151197135,413.58096410826215,414.6490617137796,409.6675026618247,409.393758255065,409.1586176159292,404.51712861720887,398.9020814384508,387.9041270266831,380.6656031105023,364.72486654148776,361.432180401003,345.4217940150416,337.46168959363933,332.10547306087653,320.6946237402213,323.64514795934235,312.6086076405947,305.8806506593922
1976-01-26T12:00:00.0,415.21211811838634,412.73821893355193,408.14044507940827,402.16449458722855,396.930540126286,396.37180853477867,394.17129989934284,390.8452141356972,389.6659433278349,387.26612087645157,380.20332130962936,377.6319015792743,371.12168430432257,362.9798247606392,359.14431127893187,346.8680569476251,345.4473074762261,340.4215018009795,332.1171338575522,300.85443805483237
1976-01-27T00:00:00.0,400.7097479266272,392.7914254010689,392.0683941303285,390.5397356245739,386.11728514876575,382.574690200176,382.10492891434586,380.44147490706143,372.7159779852017,368.85814333633726,367.3224476228437,364.8882378590569,364.05914772234263,359.2501374613101,360.7690603413073,351.7101646197176,351.2816648513189,343.4024961422063,325.04464396203736,321.5924924284553
1976-01-27T12:00:00.0,382.4058343953159,380.51868140035407,377.7799452821104,370.5672696366435,370.90298222739636,366.32370735875844,366.8043234325665,361.50870636085057,360.4963912535366,353.99730845317436,353.83196436384384,353.6322170009409,350.79468401244327,349.58236435679623,346.4481530086332,340.27811450362645,338.92386520320497,335.29247502300495,334.26103086938326,333.8297432399602
1976-01-28T00:00:00.0,363.1970039731264,362.07787995722657,359.22684183720213,353.2135728190805,350.3462751309849,348.4673174907129,344.5341419352954,346.75528971424643,344.6359033907543,342.5837142822383,332.8781375299536,331.67473465495806,331.6919176945073,332.37685254359144,330.58403859615873,328.9857731605323,326.6244895113917,322.41978440382576,321.1938102088807,315.48108628798235
1976-01-28T12:00:00.0,343.67900973866654,341.89521015821384,341.07356068713267,339.2656044078172,335.2077287262306,330.92395224670804,329.1446029705742,327.26816278327675,325.10094460404747,324.30622803795177,322.0717775480746,318.6829962478985,317.6088748912035,316.03544691069874,315.4839345068711,313.7833729474084,310.25536432129496,306.71576676645884,308.46786455119303,307.76978519962825
1976-01-29T00:00:00.0,325.23931986618646,326.9216597384897,323.2373589777081,321.6364059966104,318.80186835336275,316.45427319277866,313.34402652655945,307.7861849163049,305.0415173050042,304.35598723971583,303.64424493458665,301.42412980647526,301.2424163346825,297.6237623134168,296.3983233433896,294.57338547782473,292.6304707160666,291.8532720305268,290.40461461156974,289.8280032610425
1976-01-29T12:00:00.0,317.81741143086055,313.4040648319033,306.9765562750821,305.14210384516036,304.5355769002424,302.1649630632691,299.6869827971559,298.6614826900038,295.4534573571691,292.4502472228772,288.6136475388437,285.4121307865497,284.46569150393924,284.05678127429405,280.9931564451527,280.909762504761,276.61911609600975,275.59088080933145,274.8380979419867,272.58274203195083
1976-01-30T00:00:00.0,302.6145511440019,299.8244992731792,296.9533669380146,293.2748352129092,289.4971746115675,287.94373355776696,283.41567457522586,282.40825415366874,281.12879491967874,277.8610319071701,275.8599643135053,274.4356816174563,272.11177248140154,267.3316878847396,264.6691159983114,262.9209005710102,262.35270346432975,260.60076785827243,258.001867912617,257.26287955201593
1976-01-30T12:00:00.0,296.6528414778453,289.7586025885955,283.11868630693294,277.90329622689313,276.15474964106585,271.8822223377888,267.87397973806935,265.8011442093108,265.2090569633741,263.6958738093823,260.6804398150818,256.8161107122341,256.49211996479534,254.87676224359788,252.77048423669584,249.76411635236786,248.11010717527935,243.6933019745284,241.25275905308263,240.87043790406923
1976-01-31T00:00:00.0,286.92946148347795,278.81069444369524,276.5491128984552,274.75835774630167,268.6648088633541,267.4546775937813,259.40619719288014,257.40093184886183,252.5978257577955,249.6765190488931,248.1523474255879,244.13944096820578,241.05028118732778,235.34461301892878,235.0754534798772,234.75533584855054,230.85719787953371,230.4382323011352,228.5608504351331,226.17895600377824
1976-01-31T12:00:00.0,284.4272936899411,275.6756960947424,267.6816633584972,263.5740725568719,264.05867300061277,264.0392335241023,257.4132932684068,252.28794361617767,244.77642631649704,239.28883192075446,234.23458953674842,231.43270403493884,229.0061248655865,226.89216113769183,225.90192080639628,223.95975305092253,221.85947151409889,218.32976045493302,217.55006682708225,217.30668612044448
1976-02-01T00:00:00.0,288.81420639456536,279.41718960538896,263.8390461608338,257.59008169535196,246.2888396742992,245.48958924815238,241.80661036569222,243.10325343144004,238.65494992479003,234.81192321776183,227.85845115226806,224.16562555739245,223.18566251236464,216.6701634445367,215.35865211362582,215.17518264001546,212.86542566830266,210.28990191770438,205.78793207988676,203.34347628807387
