start_time,0.85,0.8657894736842106,0.881578947368421,0.8973684210526315,0.9131578947368421,0.9289473684210526,0.9447368421052631,0.9605263157894737,0.9763157894736842,0.9921052631578947,1.0078947368421052,1.0236842105263158,1.0394736842105263,1.055263157894737,1.0710526315789473,1.0868421052631578,1.1026315789473684,1.118421052631579,1.1342105263157893,1.15
1976-01-01T00:00:00.0,861.4930097266373,860.649053279942,864.6086844442264,871.7393892239172,869.5966622113831,445.1158008074616,442.29320559913185,438.58246241249725,408.53997971613285,423.8253398094109,424.95732029001493,402.0952361450431,424.615192857271,426.840454674064,400.99812520942027,394.64120984775263,396.47965158568,395.8215273701717,387.5146130263742,388.0216866743814
1976-01-01T12:00:00.0,856.9397596154221,851.2375904771919,848.5155734662604,1207.6480296065076,1009.5630290422279,850.7957711946705,1174.360747600073,845.0688519988711,843.4079281894944,1165.8681838805257,973.1082173729998,968.5129722893953,961.2717123955957,1157.1642282069852,1141.3221637366182,1131.6200428149627,1133.1214789393603,1126.807574463918,1115.129037324614,1104.2456230222347
1976-01-02T00:00:00.0,830.717165110444,833.1102327360759,831.0141490160623,829.3945476092649,826.779593007463,827.9090932503233,825.5356901560735,823.3819476541637,961.0095558064978,825.2493937686882,952.1087733535263,947.457594059129,943.1894469628799,938.7678478080123,936.2743847547576,934.2427874184712,932.5442471032211,928.1510366505667,926.7664389683363,922.9404347024714
1976-01-02T12:00:00.0,975.6375479207437,965.6804854343753,960.4501294341562,956.4061294006002,951.392815167823,943.4284655735865,931.923854654241,921.3674233627778,916.4777853055874,914.0186873210334,910.4922744637987,907.3611983354716,904.4725187350042,900.4121542627984,808.6551438462558,890.3142155487915,887.7988269937298,882.5136215352221,877.8054575215357,873.1291788210298
1976-01-03T00:00:00.0,799.5909188880715,795.4015183621912,791.853318704096,795.5628653892283,1180.6222334787876,1161.5008698956192,1136.6460750282645,1128.408136428296,1122.012640179089,1114.3682792752923,1115.2947134908397,1097.309844108433,1101.925167632957,1098.1773233791998,1088.0391156482476,1087.4947307660248,1077.5479546107763,1085.181935919305,1076.4877287926706,1066.8236985338835
1976-01-03T12:00:00.0,1195.74909401308,1202.305229423315,775.4254894794182,1187.3944322132545,770.120674472026,1171.8271643149249,767.1977214128004,1159.9631185080075,1145.73486760716,1133.4083697178169,1107.7014174668145,1097.7799290949554,1088.1712567439095,1082.5771593968623,1080.1420256484344,1079.3110797767315,1077.0895816500397,1072.0232159222246,1070.3388584137604,1044.3900618688197
1976-01-04T00:00:00.0,752.605467529597,754.47513781583,749.4842650650074,752.884200669383,999.339458550037,1041.599219184397,1086.320823953653,1062.255308571673,1038.9043291571047,1066.764461909084,920.1091617543638,1056.0122192536373,1057.256046349734,893.4293085570702,891.5864451392503,884.545737628454,881.8165906487887,876.5960992979406,866.3263037457303,865.2501824596303
1976-01-04T12:00:00.0,706.6216062075495,695.3195632806027,694.667873658779,694.2666847896627,698.1451242336593,722.3941989540974,735.4557882982357,720.0870570179724,721.3510576007852,728.7174449207555,718.2623610146978,720.2799274991226,718.1401931041174,717.0582789654827,716.074684575377,715.1316726691781,715.2971640460438,863.3374978864829,966.5944768217707,973.9687959838747
1976-01-05T00:00:00.0,677.3343171569945,675.8148998091469,669.7794435882593,672.5434792546619,664.2515948751709,657.4285960568471,652.0125487660673,298.5664245458701,274.4633937483192,261.97689924948725,256.40409636586315,250.45892379397736,241.30124007721702,589.2240550202132,585.8192960052746,583.7819269038679,244.52401206719082,580.0221369180057,575.5783244301698,565.5665455563405
1976-01-05T12:00:00.0,670.7659444795654,665.9018020321379,665.4171894020052,664.4445601387894,662.5003370042766,656.891987807591,653.7592038747808,649.2789214554448,645.1908516143187,637.5281459854513,638.4819173384237,634.8510551760405,278.74096382759376,265.48718130783516,249.83976379912423,235.0074555854808,223.9440489151322,217.8920148335334,568.2158014839446,215.99830502816548
1976-01-06T00:00:00.0,652.296105318354,650.7449723501729,650.9973471411691,646.1217845503464,644.055835181271,643.0985756933288,642.7684035786649,641.0612187097993,639.7117095747965,636.2117297541147,631.1332295283928,632.3348036173627,629.8378456623932,627.997103725347,618.3984248140391,618.0055407517826,622.8759199556655,610.4607701162957,610.0494846044368,597.9729067221922
1976-01-06T12:00:00.0,636.7982193414535,635.6896780641325,633.7448911450995,631.7797395095981,630.5140029233345,630.342909423342,628.9347815825921,627.7401400197706,627.2890213598411,623.4741450843942,622.7375447314037,618.6601847812043,619.1256641002352,615.254903970345,615.2886161627661,612.4984271451531,613.383775529163,612.4737414700922,608.5529715472424,607.4502975962043
1976-01-07T00:00:00.0,623.1903155448482,624.0997770925275,620.3791174958644,618.3835796410057,616.1583539961458,626.9879904402277,616.6010635555864,612.7163587713179,611.522123007607,610.34181724088,609.6985473372667,608.7733293450578,607.9273261267208,609.8816607116787,607.2408256670368,603.909580202598,603.416732219632,608.628919112194,599.775430543099,601.047417775321
1976-01-07T12:00:00.0,612.1518039274412,608.870485252516,606.1947440459077,604.4234919845367,602.0527735708957,599.2765664133887,598.4113262296639,595.8512580999682,594.7861073400638,593.6337389206429,604.6016474145464,593.8624161428353,590.9002789388802,590.8807123066242,592.2685233164631,589.6474808625959,589.7236990090295,593.4483927486366,587.0315449512958,586.3014735260405
1976-01-08T00:00:00.0,586.3064239002551,588.7292223245934,584.7696502181343,585.1214121746392,583.6396199651098,581.3164875489549,577.2157793028535,574.9990137853383,573.1734701949184,571.5433001588314,571.2118271051916,569.646067772002,567.9958233589163,568.5076815593391,567.2485115828686,567.29653925474,571.063644670418,566.4427144381418,565.9510522283827,566.1993344551485
1976-01-08T12:00:00.0,570.819282236455,569.011526982069,566.8374264609253,564.8194606631014,562.717132482803,559.8940032046844,558.8595020963992,558.1242083224017,560.0227103056038,557.9577942237322,556.755890017092,555.2172290432238,553.1992869111148,550.9540662923026,549.5378641735017,548.8201113616805,547.4580190928986,546.2663627490547,545.2270883055274,544.1873210221825
1976-01-09T00:00:00.0,571.0677695211672,564.9727773532726,559.658189017997,554.8728620424937,551.1445891036661,547.4239095199831,544.0507707445757,542.8965068926378,540.5764098958152,538.3007240478522,537.1528195628603,535.2313114043326,534.0266884924431,532.325704825757,531.7840636720995,531.2385401843338,531.0230797020461,530.0356106280091,530.2022709639216,532.3489934827602
1976-01-09T12:00:00.0,567.5465741605274,562.5833786166015,555.0494314118367,553.067697962256,545.1364886968943,540.2924252387912,535.3858027144253,531.6050035221455,528.0056127549025,525.4765909048673,522.2874266365278,520.8159146378488,518.8365064260729,516.9499464141495,515.4407529025522,514.2144946423624,512.5762342086381,511.3804044866935,509.957075249697,509.3564600231829
1976-01-10T00:00:00.0,604.1655449431973,598.4763964669124,592.4580127949903,586.3570053733913,578.0402941568028,573.0893066826059,564.9727771065234,554.1488843853965,549.8189807590708,544.4908309356495,540.452591659517,535.5539002493596,528.3823760625155,526.5033789205503,522.8080426136519,516.4861520811788,512.1890699952714,509.3125567960771,505.9157549827798,503.0906187899061
1976-01-10T12:00:00.0,638.0028421992448,633.0765533479946,619.0599330859156,615.0698975427425,602.996279292298,595.980917591334,589.0314045016648,580.2292831694592,575.7060303557748,569.9359971233106,565.822908550374,565.4401451664962,563.742902239844,556.4419432683612,550.0771501314485,545.3765701388313,537.2548888300747,538.2763059457112,533.6489488391574,529.8042055188916
1976-01-11T00:00:00.0,665.3081290768408,655.679919078574,642.9106824873272,633.1584934370558,627.0922090099062,614.6020676950804,603.8231300381423,600.3367987208524,595.1609556171081,590.9376744542777,583.427946046917,579.5776029206002,574.5192594240259,567.4408221923686,560.8058396405047,552.6042279543105,549.5791482541028,546.4426683007024,540.7437478608759,537.4319741609926
1976-01-11T12:00:00.0,432.96245765449925,856.571694365596,800.745644574345,770.9140062548139,810.1002611177498,626.9866264960189,620.980237463039,612.0261785241656,606.0198280292133,604.0848009430226,599.5967260562387,592.9193353435891,586.7461573239206,575.2996384333,571.6754929682668,565.6692103094732,559.8481666016343,556.7128085824313,553.3746437483145,546.117323966415
1976-01-12T00:00:00.0,416.75707504989145,415.05012717188555,410.4597815286065,796.1913859104725,406.803102138483,777.3940215368406,784.0420799579797,745.865301080146,735.08624535411,734.2766764950636,724.2812526103286,723.7997328536676,717.3176897014242,714.0953671380969,704.2182033933328,683.1378844191298,702.7329980250139,683.6500904938962,681.9420750619927,682.5655667840758
1976-01-12T12:00:00.0,391.7690324603245,394.65892395153514,392.2758637979971,387.79304038811875,385.9132594116959,384.71925366428076,387.5801977997552,382.5305099402792,756.3660066560204,722.9027766647566,711.5901895910379,702.5325918323315,698.8432889533099,696.0070741831119,695.946940371654,682.6075598356724,667.2713405716917,679.8451883119949,660.3610961000235,660.5276033121711
1976-01-13T00:00:00.0,800.0307267503288,792.6500723961159,790.1238922152716,788.1716068200988,781.5817458372168,767.7091172771705,771.8161129406691,766.7355945167143,767.6938506574766,762.3813012552934,754.5904607564211,738.8630938992795,727.2065112130158,712.924626366589,711.5889324902895,710.2676742811291,695.4110014024981,697.794581555347,680.306116261244,697.9306581829469
1976-01-13T12:00:00.0,357.24695824419126,356.2443611333331,355.1659310740351,351.5679568536429,349.7939511984562,348.03489156140205,760.3122993177399,754.769808576624,753.339216212429,742.0842613741623,737.3105218508689,747.7371969051445,736.1152214155279,737.1404849165363,728.8439019798685,730.6915488738798,716.2363665970931,704.6569324530539,701.9277266095338,711.2426550187284
1976-01-14T00:00:00.0,784.5668109794493,916.7127008728875,889.8463319698808,331.23302399362956,786.0018446888278,327.1890782651673,778.2971521820157,772.2779216651392,323.78438301854726,741.5671125923972,733.1756223912072,728.3347766314935,724.776687168991,724.9801230956991,722.7291590591453,708.6199578571361,715.0312083433141,714.307970690142,710.6657681937095,700.7568231555572
1976-01-14T12:00:00.0,773.8508574066313,771.949027593826,764.2227858551738,760.3857419791267,750.1884351700861,730.473554322344,723.0187290295489,721.6971424032185,715.7872720198379,711.434303594207,708.1768319016953,705.0623829644022,705.3346452080492,696.4734907743007,698.3823454450642,694.4136641113953,693.3528929732064,689.1295472228267,679.9788672978948,678.4806119574688
1976-01-15T00:00:00.0,816.4619552026068,791.2301451459689,786.3222331757717,760.3215352436514,742.9022865694145,738.9634457565511,739.2962549975169,731.9764518036242,722.6648128257331,708.7026826358407,698.2623047903901,689.125559513392,684.6187950938241,684.5046917346207,684.4743298273709,681.6858519671033,682.3022052501233,672.6461907777743,676.4469189334262,668.1513332014484
1976-01-15T12:00:00.0,286.80702504027306,283.34483066514275,282.9047206054899,851.2434382561335,850.7019433664593,817.2330781674317,779.4747426378815,759.3576413340912,745.035161666807,734.0497292495627,724.1643268793257,712.0646492831947,702.0851504559012,703.2202726416839,702.9046363636281,697.9902367175716,688.0032183230597,669.0962702020378,665.209952101463,658.7238646675801
1976-01-16T00:00:00.0,262.2930798811163,258.5297628091656,253.2503598717929,251.60341539784008,248.64376997121786,247.230950237639,244.9036427354006,243.40942901670854,242.17501869886817,241.3411445408729,239.56015411150247,239.52527147160419,239.65285125793818,243.30630549880217,246.35995171535112,758.2015018487236,752.9604985076229,718.921587637946,715.455236300903,698.307791215723
1976-01-16T12:00:00.0,275.430658867112,269.1393212204463,265.00691906113883,258.08173883185464,249.43033136783825,242.48004942402483,237.16157437099196,233.12643547355773,229.0864757470788,226.123505811191,222.90924218724297,220.9869212724884,219.4466340868919,217.48901183877118,216.36688122912932,214.2242496846391,212.5633437439561,211.6113532863998,210.97189231417673,209.84835837770626
1976-01-17T00:00:00.0,290.352051104953,283.2171165243531,278.9843768586368,267.4072343301509,261.1023379827037,254.58277896456937,251.8994928252721,243.83776286353591,239.56719637030582,234.37518421077692,228.8116263765098,224.1184280860974,219.25347439665583,216.73462588887276,213.064366473075,208.16975434948154,206.18548068074065,202.24350227393955,198.4624245859614,195.8731296267329
1976-01-17T12:00:00.0,300.0637176544322,289.82681585677886,282.063107634889,276.96272724778714,270.71599655732643,265.8713914139164,260.19963760416044,257.14863407596147,248.7172644074909,239.14074926754154,233.00798635791895,229.39288436236174,226.33264290986267,223.27665775740263,219.40043812448053,213.94947324672353,208.21295833044778,200.68463440788594,197.8031876571655,194.14806580582731
1976-01-18T00:00:00.0,310.79299850582277,299.2702754735335,291.7696541398513,282.4982986459058,270.87347149915803,263.14956953521073,256.6272585668236,253.1732990085128,250.14489270336853,246.00620121600315,240.17276221974433,234.99615548521672,231.2717619133682,221.8602827175005,218.26409336008064,213.8150835227017,209.3902229404128,205.86466508130206,200.04775012767013,197.21271891068417
1976-01-18T12:00:00.0,301.9659285482675,297.016456731243,290.34583655095884,282.3561312298274,272.87364088010077,268.4690658857677,260.4887571890256,257.8077375376032,254.22944202124887,246.15466037836538,239.22449634601628,233.66376033167117,226.28710936905426,223.68311894239415,222.57587083037515,219.00450677608313,214.60887118712623,210.54780751036594,204.50710695717575,199.92484073261403
1976-01-19T00:00:00.0,309.60883117569495,292.2279850962589,283.75000525870126,273.62344205107644,272.69738063367237,262.33850025610826,254.6017901991694,250.53077299042883,243.22801870540357,239.47419607845356,235.84184240340687,232.20875076533306,223.56559559013553,217.46598257000065,212.93973762068555,208.9725046616535,209.51380815433015,205.14138186318596,202.1702982121508,200.98109496276203
1976-01-19T12:00:00.0,323.95158586038986,310.82090744671365,297.66916870444265,288.86603782261795,281.38720235915247,272.0243338398007,267.6936433215002,257.36747514643605,253.84700845119804,240.61850538460186,235.67940631884989,227.58315697428594,224.38101466968627,223.11407903303038,214.47589715828335,211.03647088039733,205.338830230063,199.15353470268323,196.13662902933737,192.84328887671907
1976-01-20T00:00:00.0,359.74368453230437,358.3407215424881,326.1155864313148,323.60252005802533,310.9916892637422,310.74665064817,302.3192874667546,296.39685025702704,270.8931616691626,260.6821407538741,252.408783707579,246.20435305339936,243.71774544710757,239.37646735957028,234.15936000694566,233.06368151251257,224.49061356080526,215.25583621881083,210.5174613343876,205.89090086672928
1976-01-20T12:00:00.0,378.554845748784,368.7498653554911,363.13085648233044,362.3506304361869,353.5729871358044,340.7369418807316,322.94960043058853,318.6758227011708,307.2150585142791,301.3913939995993,288.7841319111586,283.82232890086874,288.92480089001094,267.70369835895747,265.03866915114475,253.80117013755884,255.55551647412327,252.87008187141564,237.6989251295867,233.9694484795867
1976-01-21T00:00:00.0,423.18995611688746,422.30166406771065,402.2250624278093,374.44201394872186,361.73864151164776,346.95741853609906,343.50979175171574,335.24567212263423,321.0848083180779,323.8669162683449,313.4515618082286,299.38837095781264,300.78688273267863,302.96304056968546,302.10581030900295,278.0888797638886,281.05905247430655,270.3346021722729,269.32913174468763,266.41839172653465
1976-01-21T12:00:00.0,426.6464634063826,407.55099480307626,406.7165792518551,406.2062095036417,399.96810029218676,388.74316557232163,381.07440127781246,373.1122727817905,359.51016610275076,357.8371133759885,339.67804762729367,333.71914746719244,328.2947618083021,317.53879703564075,321.3741589307056,311.20778145091026,310.62430449404064,310.16395838745177,303.92449305983325,296.4778966173212
1976-01-22T00:00:00.0,430.1038169566978,416.9799056588891,409.4265983795729,404.9080721352118,398.3112947855523,393.9729395949602,387.8488739360793,384.5382888401497,384.1909661275136,379.0936786928088,366.82563697927594,359.6617064291793,350.2447596385945,328.1446171726153,323.58802913251617,313.23463100560934,307.6115291577278,299.3571358509133,295.4096083023403,290.2021387844953
1976-01-22T12:00:00.0,462.81856197967744,448.5507585662706,430.8084950789287,422.13498153934114,419.22531092657334,407.87719234546864,398.14979649498275,381.702509278443,380.3684258641264,371.27884554892097,368.3832295974701,362.4496600378654,362.85715612598307,361.0479783666476,360.85763344690366,351.8480942395606,346.31433476264374,347.7589576073667,337.8906774545381,335.04111421767226
1976-01-23T00:00:00.0,542.5989551775258,540.9598675966608,535.7430567237639,531.5234121781907,469.3829090875778,446.97153247078217,427.6751417248734,422.72936476673107,408.76580449258125,406.75588180237565,379.42117585839736,387.2945801810894,388.26411545751455,382.2175623140952,374.79099106015644,362.8455810443642,346.0266849523449,341.7995395752091,339.640578273979,329.8293566749166
1976-01-23T12:00:00.0,519.0424906601681,517.7716223774299,513.9834764260179,511.2742971677388,510.16578728358564,504.31444155833816,503.1912113099515,499.34387903024117,496.9874428235387,492.70103686102703,470.56885998532226,443.556963746047,434.0765483001719,415.46987053945344,396.7320928865255,384.42527894914804,373.78682793678814,373.31965107136546,365.88846298995134,352.52163716456215
1976-01-24T00:00:00.0,501.3349731110796,498.4745433353255,496.35441182068195,492.0248292674412,488.8900679173516,486.53943619654,485.0846474697847,482.25979068405314,476.94703038938417,471.6623318684464,477.29448402393473,469.70340796374074,467.54648746130505,453.95310431733833,442.7994627597284,436.7456595845539,416.02004167234765,408.22982541359005,403.4275716815812,395.3382880771634
1976-01-24T12:00:00.0,483.69787233842635,478.00857356979117,476.5344407904329,474.10557401290464,469.9266326028365,466.2510970528078,464.87709542045417,463.33237817238984,462.42001820691263,458.51589026498317,458.17112680823647,452.66482924786135,451.3119589550577,448.3064873748097,446.08439235520933,443.4392419036502,443.4102597276533,434.12503986254376,424.08102313150977,415.54663536866656
1976-01-25T00:00:00.0,463.865768366147,461.7340299179938,457.14036857196106,456.06196502409705,453.75960275451143,449.3337021428007,446.4663236517278,445.0175203873121,442.0711996655402,439.42777420448164,439.1120841111815,436.6585254273671,435.40185845007466,431.33680662628,429.09579025675765,427.78242395912486,425.4612847988487,424.27912264118663,420.9520825076896,419.49908736634484
1976-01-25T12:00:00.0,447.6026482325716,442.1777645796934,441.0247909889748,437.29601112654393,434.62938357321764,433.3923847754242,430.825855656879,426.4191571825197,423.80082255310117,422.7366015568465,418.32471651809306,416.9362868310528,414.86845046172436,413.70142770653297,409.74920612790845,406.928037805972,405.9711895156283,404.2722396400024,403.35027418570377,402.9524482653553
1976-01-26T00:00:00.0,437.3028269875363,432.3315008977585,424.58231492968173,422.1566817577311,417.9230466961422,415.59733287096986,413.1607991540713,410.2870630590844,409.0178256452496,407.3067084144958,403.621791417434,398.93724534623874,396.0053887659334,392.7311287172499,392.5740771923036,391.90316729566695,388.4656927050715,385.57681144134233,383.3024859162896,387.62310366896975
1976-01-26T12:00:00.0,432.34729183161505,424.7253270989647,422.85845877361373,420.016575842747,414.51146691435457,410.13430667522755,401.88316182443407,396.6543013149422,395.2799964405238,393.1926315911676,389.30297805370384,388.0540239344397,385.41454314253986,385.2110901343998,379.6543898373391,378.06931521937605,376.58294021499603,371.47708855542703,369.6888249820062,369.0817061550294
1976-01-27T00:00:00.0,411.40894334608384,407.81397098876226,402.0353813079359,400.1682221675938,394.28837404499694,392.54920367433533,386.6961665360895,384.3163370355672,374.02357831821803,373.2706726494334,370.6890927003263,368.1162798803992,365.33305271516343,363.80736744407693,360.77546561248795,356.2888358589802,355.93192784865136,353.0399935579214,348.72717400660764,348.0460554012801
1976-01-27T12:00:00.0,399.1826134521627,395.63180328589436,390.01304075717513,386.24682669934157,383.07007580855105,377.89028234745973,373.9040341373601,371.235069517577,367.6573979125557,364.5003886346287,359.6858893455333,351.88336348720526,350.7650395341938,350.1330176460734,347.5981169382256,344.8452712880465,343.6634667651539,341.93564549092,341.4016319639424,336.787648422821
1976-01-28T00:00:00.0,379.30455456359806,377.7748476496917,374.05238683325695,370.8733282634726,365.7393428953548,361.4899938215334,357.0808364696507,351.04448343776437,349.5143398201639,346.3053941745077,343.3901605422628,341.5577101279895,339.6656683260739,332.13014606717985,330.33819197337885,328.54326851953374,327.11870300306305,325.31745228345727,323.7190910760546,320.913405516023
1976-01-28T12:00:00.0,373.70107896820423,362.3620983875942,354.9335714445545,352.1417892227496,348.46500184763454,345.52109668921594,339.45024114529065,336.38380616922086,334.1987102857409,330.2514485914813,326.96147131673206,324.10808388519126,320.259613460793,319.2751457050658,315.8971222152105,309.21027888781276,306.91001214547117,306.1510912708389,304.0260087043176,302.76654368380565
1976-01-29T00:00:00.0,372.9236834777636,362.59606664820575,353.63228134161466,351.41551036435004,343.9693247576488,337.0257123521414,331.6745132736708,329.26564740270686,324.72707985525165,320.51438541105466,314.6862363070136,312.1941776101434,307.3439004958549,303.72846623381974,301.8883508401171,298.73052559367034,295.72648213281064,294.6259241721927,290.22670751587816,288.785924619166
1976-01-29T12:00:00.0,367.80739251606565,354.563619329773,352.6277849559937,349.7782793327436,342.0569630132208,328.3216494395596,326.8316055416379,313.4098601315593,309.4680054043794,306.0129613944309,304.50818199152593,303.5393334277029,298.73050336287235,292.33807341994407,290.283258872389,287.5480799048946,283.88712672772243,280.2957515032058,278.35059361382844,274.47594328549286
1976-01-30T00:00:00.0,371.22740153026035,372.5309393795365,381.84506861828334,340.1034913536958,331.08116893838996,327.9232922364968,325.6230053093458,326.0737955050023,318.4803407951502,305.9498059875522,298.52556174571424,292.0997985247397,284.9897155600625,283.32962042349175,282.22968188517194,280.8944104424686,275.6139090411258,271.80989301580905,267.0755963678951,267.01111133787424
1976-01-30T12:00:00.0,352.64796616374343,351.66157718821074,351.22277081938165,349.5730403799295,348.4923339690088,354.70233729021555,333.48555732544804,312.01467972359814,303.6993795079528,302.5455154016398,301.37910291266485,296.36058214197135,296.53783461659515,283.3199558026324,280.93803868876745,268.5802933207398,263.9620766414803,263.7129330093181,261.295549150389,259.73695841870625
1976-01-31T00:00:00.0,332.4305880579301,332.9444304057293,330.7539442694566,330.15661290081124,329.6268517057017,331.8834042143118,326.54557337781796,329.25701818482725,334.6381829039822,299.2541303748517,286.39953137116964,282.2200519929853,281.6461651133521,279.40661815179277,276.7089441752665,274.92927454413643,261.4472159078463,258.440827319292,257.6490802726644,253.6841230051598
1976-01-31T12:00:00.0,317.46697235378963,317.1584879390993,311.26537736510664,309.53654192403496,309.140067127339,307.72337961961927,309.9564577245052,307.97302201125683,309.8662343709602,307.6040205769076,306.8214233492626,306.3706662910058,307.53867721409506,273.523189588649,266.8597593520527,263.40193117583874,261.9119262921659,258.86854518091326,257.763232475895,254.9313704150795
1976-02-01T00:00:00.0,299.63053528955476,299.55999163519806,294.44781199567814,291.5555218012171,288.87185997636453,288.69098548746086,287.06539122920907,286.3676451577617,287.20093835334643,286.0018460057112,285.4621060686084,284.0843424442609,285.46311094841053,285.9854502000513,284.2424079519404,279.6308680689108,269.34912755630927,245.23696946227403,242.77421554229048,239.08545908619467
