x1,x2,x3,x4,x5,x6,x7,x8,x9,x10
283.8087099317083,276.3902878200867,272.6103168559527,264.9952112119054,257.61349578955145,253.76632019789224,244.22429664938502,239.32580200948976,235.1433422967008,226.21450566616173
313.1536342545151,304.88180189871554,297.92008989685013,287.81720621061777,280.11078426388644,274.2153365102949,265.23133811096403,261.11767147540206,254.0820046443373,249.84972136712636
299.9028021016608,295.7341601440039,291.881303559108,287.6481365207337,284.01817812329347,280.59085045849287,274.7310760830144,270.0966742292845,265.2629260886126,258.5685730935881
284.179527345238,278.9255044164523,273.5898147251951,267.93348205181456,261.793233007997,258.5871975409246,254.87544788532975,251.13579954368666,248.52372132052045,245.46064002708846
266.4591135004959,261.42245140156444,256.6276062047743,251.76194779815748,245.70861859208736,240.23855735024313,237.47637856915793,233.17869499598982,228.3858591736691,222.63411656705466
270.37266861098954,261.1585743516627,255.31447965638102,248.58572970373248,243.02091417706868,237.25601887981304,232.8740805751455,228.25687794558166,223.80160919665514,220.0308354352727
273.7565157510606,266.9534166386415,258.43442539901656,251.46567991002962,243.79234623487991,238.58355886509761,234.61669016248504,228.8171194440008,221.9267395128778,216.39410848632997
271.1099623070623,266.19909013956146,258.70261590760896,252.12246727663634,244.58202632832638,239.02598542500533,232.59766209239936,228.13812702598113,221.57532043195906,215.4513995445313
280.2070542420407,269.95265687623566,263.1471970703525,256.5158797128512,246.3063574525208,241.2868375348265,235.6879445278252,230.5592019393609,226.8909011146455,222.69111655049835
292.7868990829101,287.55040587515214,280.8670806148824,273.9925736994941,267.2848418404795,261.2391441383513,257.09030541301826,251.7487035096594,245.14782861502806,237.94558558160332
