start_time,0.85,0.8657894736842106,0.881578947368421,0.8973684210526315,0.9131578947368421,0.9289473684210526,0.9447368421052631,0.9605263157894737,0.9763157894736842,0.9921052631578947,1.0078947368421052,1.0236842105263158,1.0394736842105263,1.055263157894737,1.0710526315789473,1.0868421052631578,1.1026315789473684,1.118421052631579,1.1342105263157893,1.15
1982-01-01T00:00:00.0,178.74157705805763,178.75708229529022,179.81051113137082,179.85746104092553,179.91927834625798,180.39778646521003,180.38437086914493,180.66839105692802,180.74405360829513,181.495095837965,197.56898515050088,181.55536676022484,182.70635724055123,202.10081528042582,182.47992475933964,182.83840125155714,185.22970543768068,255.14126403750976,210.62519517642514,211.65002228398814
1982-01-01T12:00:00.0,187.97249857441378,187.85332098102023,188.01655462055166,188.36041701939635,188.60412265500236,189.5493802528692,188.6592307264931,189.61394660314264,189.07184300342368,188.9592313587782,189.07610436666218,188.49728379136613,188.17498011586628,188.15474907121944,188.23220800534526,188.22536374898175,188.26623319837955,188.58904524516458,188.71151896305395,188.85837451499506
1982-01-02T00:00:00.0,536.5169653418659,697.4343661996221,696.7944748790056,788.6413549549404,917.4821549767273,3539.4583709121753,1409.9597806706827,1985.7970172983444,3041.6394671848134,7635.670748089063,Inf,Inf,Inf,Inf,Inf,Inf,Inf,Inf,Inf,Inf
1982-01-02T12:00:00.0,22.18530893307761,21.740078206402057,21.975742865715272,21.607847248666715,21.818398707227885,22.042201371225897,21.713486100481248,21.958714194063486,22.172098239018858,21.878104365016817,22.117616142992286,21.8193285126004,22.077014022208427,22.31941823796322,22.017667389664233,22.275624806438223,22.544304102619666,22.213097200701426,22.49164470133566,22.830043535447963
1982-01-03T00:00:00.0,95.65354598674979,96.36383413065408,96.77237361267991,97.29363852616873,97.57969061059784,98.12788440086845,99.0702207283037,110.69741612430076,112.09749549923015,113.8955629986563,126.56713308868136,125.57253121963598,136.77543070174943,124.27700119721032,124.57584001096714,124.81250688849181,124.92386541495512,125.14068863971342,125.22543761651652,125.8953020200266
1982-01-03T12:00:00.0,145.75635831462617,151.47121498583908,160.2718962148748,168.91838460320582,181.7100914177378,199.65822936641067,214.47104059429896,235.52418948364263,259.7923613486881,314.61251997686264,441.8473803754835,442.4284591651618,449.87870169114615,636.5313370664214,728.7200818224487,1453.8594597237036,1778.3349708849964,8315.93817648852,Inf,Inf
1982-01-04T00:00:00.0,53.42000724919657,53.97567739939232,54.06590196726615,54.502974402834106,54.81807008204064,55.110521006696324,55.53287352933929,55.69555771617476,56.551294656216264,65.7467059231049,70.72568448787489,71.70538518339228,81.03527622356701,83.99833268275117,129.42336906065609,129.98544166173818,81.6468363190018,81.85801828824263,81.98497208842072,82.16398276164065
1982-01-04T12:00:00.0,60.13298180339531,60.02991419336557,59.9236262274497,60.024489654994255,60.00376018896621,59.95042071445421,60.0280385401126,60.0965446380749,60.205847021472266,60.36679787569696,60.29714967594059,60.58704159168903,60.67546329991082,60.80952410770032,61.13486709248829,61.21076474937692,61.5408363091176,61.71745403938106,62.1718777792059,62.55704491325633
1982-01-05T00:00:00.0,38.641486505723336,38.56090101393597,38.774277586532236,38.90803630627096,38.65626646680365,38.572720273627525,38.60833624415267,38.6541076211422,38.67304637919438,38.69221060285673,38.733028791739216,38.778875847533264,38.81866548121399,38.920213230223915,39.04989497351805,39.105764608920715,38.98181234708055,39.10588552445359,39.21723435892731,39.37048358640952
1982-01-05T12:00:00.0,32.08117458367568,32.47850308982509,32.93964686559586,34.86275592398351,35.75032720499954,36.189362062435166,36.37488014732546,36.61267051136497,36.88150199284701,37.05755215313949,39.073251252411076,39.99540284512002,40.46223201078823,40.57215294176512,40.64724561272528,40.71798511858934,40.8258195811436,41.254106005109776,41.5070195071205,41.514958273211725
1982-01-06T00:00:00.0,23.119748155502894,23.12820330197588,23.26872212105041,23.327259623951612,23.47143246726634,23.509332233223756,23.748152587439193,23.886828808636924,24.063784446170516,24.269693498740054,24.500146162740755,24.701274316321705,24.877110596616323,25.078023704706432,25.227400487003045,25.119187424989903,25.171507666920792,25.25871968824209,25.41673413858625,25.611519632586404
1982-01-06T12:00:00.0,19.125157286745893,19.057743626605944,19.079870052633698,18.922076529593078,18.99319326424284,18.961946977704542,18.966227501495695,18.908224944803514,18.984785858935922,19.201252239989532,19.197213556810095,19.47563327995252,19.604326957145968,19.731646785868953,19.969027704746352,20.21418111821846,20.482060722635527,20.85063893961712,23.362467488956135,22.805494741975096
1982-01-07T00:00:00.0,21.575469853665627,21.412201452415584,21.51995177054398,21.73226090517926,21.55907871508455,21.693678826866226,21.76837268760106,21.622526634100787,21.757086139554183,21.718056939076785,21.79892444245439,21.895538393618413,21.882398545613025,21.91723189109604,22.005659377093146,22.045759824105442,22.198483270017196,22.261236744509283,22.29109246304922,22.42544434317626
1982-01-07T12:00:00.0,29.019212510696388,29.249392978231107,29.79773268500236,28.838267879996934,29.25235136624861,28.754143949265284,29.259285162998108,29.198141465718784,29.140683378848376,29.40826622467873,29.50964007853283,29.32721181751106,29.517893752535162,29.528170086557658,29.702484992447857,29.898872145827422,29.84121906082854,30.09853317805113,30.28137960761361,30.47149431534295
1982-01-08T00:00:00.0,23.629509933801668,23.873925977529186,24.19565427986424,24.480321370502978,24.738606749762724,24.401322771661103,24.717934715945294,25.041350574537883,25.2483521947383,24.582502783918418,25.00069607724203,25.24849400116986,25.695560826478946,25.845745644032714,25.497782488346267,25.579504656197482,25.54997490185941,25.61137681997044,25.7437655221886,25.99456208229809
1982-01-08T12:00:00.0,20.878414785008896,21.11645768527194,21.39487064034147,21.70565212173662,22.005676168729188,22.105216568218292,22.253702019682407,22.660331049510884,23.578243141813317,24.53364650312268,26.292061609791624,33.22161299336601,33.627190725478364,34.046894178122905,34.51029978399462,35.21862233370427,35.17777502818929,35.445332493424765,35.77037475732728,36.46946719131004
1982-01-09T00:00:00.0,49.16232216830833,49.40382579411044,48.882307015224576,48.611651592371196,48.975451931958524,49.942542499437586,49.25321754698411,48.64350824634034,49.84160519227298,50.04474816074041,48.96820269000761,49.10856250874822,49.42604496984456,49.57742653118349,50.63147947054809,50.5610619171637,50.810607431310366,52.27969881788962,52.70371059333222,51.02944468470456
1982-01-09T12:00:00.0,35.34220687202167,34.769672395436125,35.260587598483234,34.993963228374334,35.18586960732397,34.75583380271494,35.13857161553831,35.25479441487135,35.41334953549429,35.07216908339359,34.98058868218643,35.822094933657766,35.04303308977034,35.52852525106695,35.89015926467285,35.29968287503227,35.591099524783196,35.90078448883396,35.688582654587016,35.99278584498261
1982-01-10T00:00:00.0,18.449899231512944,18.260078924857677,18.547345246581017,18.89061715107077,19.29942800368274,19.809750298285312,20.09565690699153,19.379459601478807,19.590009104706006,19.82285435686016,19.371426923736774,19.634327801247487,19.619144932751652,19.51638569251915,19.86910601574871,20.340493350105227,20.569602796507255,20.40572280380339,20.37097109397813,20.344890053130303
1982-01-10T12:00:00.0,135.1267748757806,133.7805264754343,45.897842789806475,45.52099782676675,46.63686177620865,46.570413132022445,47.26124121635304,48.207548429246145,47.054327435078285,46.51312281694311,46.162106086641366,136.26107118039275,137.64367930953537,139.84307182130047,140.0306982020752,139.8371905256663,140.81002684281026,139.7881403929469,140.119006148156,140.53824862869567
1982-01-11T00:00:00.0,116.58749356714955,116.8448113758595,118.06607404367628,118.18184824357742,118.61111137695148,119.35733138754712,120.3313693288096,121.16691840218341,121.68816980680731,122.29895586349176,121.67967444262193,122.78465156429387,122.92070843433825,123.89828098493432,124.1361969437405,124.79468299760265,125.95371200378864,126.36257623742972,127.72741587522599,127.75029300145628
1982-01-11T12:00:00.0,95.76673384143758,96.11689078969522,96.73872623466185,96.72732193289632,97.49367272246525,97.91649565712302,98.28879336690507,99.22975361120663,99.42153270142423,99.98803580324818,100.47406104207201,101.0201389111429,101.8725848494827,102.91120961374992,103.80202274052569,104.25025403662725,104.60475878732723,105.26765552637835,105.60700848681,105.89333023691667
1982-01-12T00:00:00.0,74.01527409306941,74.66615547179788,75.12814747313027,75.65996330044223,76.10380162761747,76.58627388463083,77.68196912298151,78.58420628242114,79.50375340789172,80.36679716826221,80.83028209226623,81.41999428496213,82.35864474600442,83.42514550612715,84.52701407259462,86.35597372616115,88.12996081725912,93.49377638356532,95.39187023840765,96.5442680313203
1982-01-12T12:00:00.0,52.83033343639912,53.361370195518816,53.68242320598473,54.35886421365015,54.68044661224966,54.96509694925192,55.59182196992727,70.77349463806965,224.97306347390972,296.15155608533973,251.0004553646302,250.24585609229803,251.39755145979024,250.72928916101398,337.9744851787662,345.02146852876626,502.4823652183802,1192.7009524502582,Inf,Inf
1982-01-13T00:00:00.0,32.3753519241278,32.512033077321064,32.97663246182313,33.478115103139984,33.65858383639586,34.24432979642212,35.18752569831672,35.857903843400784,36.04100648009866,36.51078457059487,37.0872283271885,38.106005207628144,40.05483034604942,41.39069311214936,45.022542476827745,45.9886518581882,46.582010694803344,47.04976696915905,47.88197159874654,47.87822724004746
1982-01-13T12:00:00.0,27.2674569346463,27.884322208410914,28.490655371665724,28.990527949900063,29.444839887078203,29.990494294676058,30.376398300256657,30.693546569983823,31.205115149853597,31.529844115948713,31.86918705661818,32.17292018679596,32.92214135100374,33.59473341148169,37.28199464044757,38.43990129950235,39.605739986396856,40.91437290584658,41.43749630757531,42.000245910433414
1982-01-14T00:00:00.0,24.38571857748338,24.50865359949366,24.75654953090428,25.09554315159871,25.38974042014982,25.8439807399155,26.33379336968039,26.969605547931117,27.394246913212804,28.051168149247133,28.502800097937794,28.79238205631471,29.00521376301933,29.286157018816613,29.5717370459034,29.8093333873341,30.093914380261584,30.411399929913266,30.812263132329683,31.364688517961252
1982-01-14T12:00:00.0,145.25406785672234,129.7871991437778,131.8704121048041,132.43891049667934,133.2855940129076,146.97855132408816,137.45303496302822,138.61273454774548,163.8529474687251,163.96042057273505,241.72563790359268,168.17988507175417,163.95801095563934,163.82383082550476,165.6952417310116,165.08301542832646,164.85338618586832,164.25067294078042,164.4993169486087,167.18084191391358
1982-01-15T00:00:00.0,127.90689774734321,130.5742153376783,134.6216915019534,142.65032392850466,142.11558969435546,139.3449423558141,141.6523446073863,142.4053742422449,142.35590818389372,142.50258167493232,142.81970471204684,143.35742926354382,144.16992658496284,144.12188854906302,145.54366326067054,144.74133697155358,146.13627529829333,146.120555533568,145.89014891383502,146.73071901991975
1982-01-15T12:00:00.0,119.43627369551328,113.7771257574012,117.27515326714814,120.19052820286628,120.34849446831608,120.70619594977373,121.14312146553637,121.0873794796349,121.31391449211472,121.4877774470296,121.91234452472277,122.18183216872467,122.78292523179448,124.53645265402602,123.37037046714146,123.37539219381046,124.48850799104675,124.57395618724617,124.90080132726854,124.86791408659103
1982-01-16T00:00:00.0,91.61929295213349,98.3154408989509,98.6070435682605,98.94482241728976,99.14145504058031,99.3686092346802,99.4027785130531,99.71914934001862,99.7564425385043,100.28926569431076,100.49786619366284,100.72800466617869,101.37354119890503,103.2340594298541,102.03386342926358,101.98204433417959,103.23134609124696,102.84128100848342,103.57650296201123,103.50520418515514
1982-01-16T12:00:00.0,70.75148849794446,76.95844932038098,77.18609996928326,77.08475431574243,77.65482364617331,78.07250550345671,78.1427818558002,78.4247604654016,78.63226581714683,78.86092841065944,79.57933863939056,79.81827765419361,79.8683938508861,81.75744638597882,82.70796842040814,80.97766587659918,81.39815209850492,81.3543939043309,82.42681831928735,82.58278124636273
1982-01-17T00:00:00.0,56.64051439512051,57.257394645193,57.60079952369295,58.48429195578603,58.67744419020803,59.98183648334903,59.92057964989633,60.256647501616214,60.3263844071308,60.948580778934534,61.62845341649306,62.67781975235222,63.14757211034102,84.97324624424378,109.81019525063303,117.91662859313016,122.73715407265945,135.58481834127886,151.90818784716367,135.62511259923724
1982-01-17T12:00:00.0,97.1799726124713,97.29210382611593,101.40567138222818,101.1289962357875,107.44493913679784,101.4760057669441,101.14238121162911,101.64146413806732,101.48899822404337,107.92514188695384,107.23140399427936,115.97196668348555,114.83888521509576,124.60764589024862,138.71259084854353,124.59651673182564,131.07865116172752,130.02961537731963,130.31085687988062,129.8281730267328
1982-01-18T00:00:00.0,103.2860913245793,111.60622904387579,106.83593021565316,106.45153902918629,106.42486191360935,106.95726027956344,107.91171644022033,106.98343389140472,106.68949642214115,106.97554641486263,107.27413642129724,108.93811249607192,109.3058734608009,109.31616058189162,109.90481397879256,110.13940660891588,110.89221214012868,110.15531565231692,111.8871429236471,110.95808056465478
1982-01-18T12:00:00.0,86.59885440090557,85.32809636205695,85.12817349704146,84.59014811240972,85.27818482159606,85.88695233592844,86.08875294797116,85.32802247873721,85.42410535292626,85.66910964705073,86.6572449503927,86.55939627343831,87.79495424487368,88.63843628982151,88.35994220831807,88.5793896710493,87.8991900877229,88.5111449508094,88.08545956157825,88.90121944981159
1982-01-19T00:00:00.0,62.580123227729736,62.13143971681281,64.11419800429961,63.55371146163345,63.5321222158491,66.23528992864173,64.21773589841239,64.76550892946578,63.94599517166975,64.24956913051963,64.74260598906191,66.4148863227062,66.84872517341974,65.51397886022846,67.41898919789239,67.8908541732909,68.525016125349,68.64065756012835,69.02277472101527,68.14972824706153
1982-01-19T12:00:00.0,46.25951930914005,47.958367124671504,47.94022264776142,47.949052091283946,48.4914391270917,50.56873101946846,51.19627371295499,51.63580862281705,52.03106192713467,51.3059489004746,52.52670486369173,52.36373904616889,52.95514424352672,50.98596151339546,51.733062850224684,51.67656252246214,51.60597421894016,52.07472836568112,52.522646214750445,52.063363988148126
1982-01-20T00:00:00.0,48.55259652780618,48.70293368829608,48.82095651648044,49.30124344463999,49.11511493626552,49.66692570048412,50.12886502721561,54.6821985962752,54.93584737991016,55.74855751607495,56.03210068411565,56.48955195181861,56.249673499996376,56.57308474039572,57.44176676500888,59.466847753580396,59.89196465458694,60.415354452383916,60.944807701694366,66.9217190446456
1982-01-20T12:00:00.0,65.29207291648379,69.42762459555655,70.00864716597647,69.96289074440527,70.12891253877109,70.208455190947,70.45226478362233,70.33307227574088,70.56183473485639,70.72625323794479,70.66735021856518,71.18183230795438,71.40466919344973,73.29050067442384,74.43632685584525,82.54161608851719,80.54223953395078,80.75756548201431,80.68572750572353,81.52495794431407
1982-01-21T00:00:00.0,56.25632843565607,56.474156695260355,56.57103093762397,56.47670170963187,56.1235201815944,56.52014254153631,56.58987176828237,56.73529336198884,57.72311246355335,57.912887638467,57.87355448147897,58.15897219634979,58.77131829778141,58.89907050192037,58.37112380015028,58.93633812928068,59.81686993788073,59.95746903178338,60.28538842015419,60.69773173039872
1982-01-21T12:00:00.0,38.910009958723904,39.310467623850364,39.61165412351701,40.00146892196214,40.40609660957378,40.77978520117313,41.24276228364189,41.560574212897066,42.13256878996804,42.5273320337613,43.28924068747113,44.61387633768678,49.84037600739334,50.57126451034802,50.88233520311926,50.793915499834625,52.51704936292415,51.76875524136135,51.62358988233539,51.43259775253655
1982-01-22T00:00:00.0,33.74231798303301,34.41138595426113,35.34866558083195,36.589009679835726,39.54157967145069,51.02715482567247,57.323458186600064,64.66857464470806,66.042954686036,67.04792396443084,67.52377497394431,68.06501320004597,68.38358523239485,68.85689932936052,69.23848554850119,69.915828366156,69.9098812813945,70.31304555650907,70.88923711684191,71.09547828699961
1982-01-22T12:00:00.0,47.85352672091611,48.362783516248626,48.92846196709013,49.52244873083712,50.11750673273475,50.762181037590786,51.39810833561336,51.94211144191194,52.58096170745086,53.20608922348126,53.86693868343358,54.71841886260802,55.453820613017754,56.38122886749108,57.304480006250735,58.05261718983386,58.945470967338565,59.87484100316787,60.77699836643187,61.63294180064962
1982-01-23T00:00:00.0,38.999059074125256,39.34234650972689,39.660236861364325,39.983304658555895,40.27858395387064,40.56506248892659,40.85773519387897,41.14941598893179,41.381576013847734,41.541579950668805,41.793928898961276,42.09134147863306,42.433399381493196,42.798982759021456,43.21613614837314,43.65659725729019,44.066000689564454,44.496974874017695,44.945206691644806,45.42867688303163
1982-01-23T12:00:00.0,27.824395019494634,28.082151607094836,28.33661362699233,28.59065635902476,28.836169407678067,29.0789359953281,29.32659807603661,29.57973967645511,29.83299162893003,30.098990055254845,30.379869126469046,30.682054257644108,31.078035063969747,31.491320648916247,31.760301938680062,32.06358510242185,32.60472851049116,32.878439439160935,33.157870932099975,33.44579063956981
1982-01-24T00:00:00.0,19.878491435306085,20.053297990776336,20.21810232982053,20.42625346711936,20.61263366187026,20.813200227704648,21.68250515915852,22.321658864195896,22.65964342991988,23.053264736259372,23.493322936124137,23.830910104638043,24.010544653116984,24.307171856146294,24.594748437337703,24.866129144619133,25.217733882503335,25.49560634651763,25.81241573744005,26.195117964994367
1982-01-24T12:00:00.0,23.058863223266073,23.40437513338865,23.560597240599147,23.846695788428292,24.124494059825967,24.36763739478743,24.51179499314278,24.771679201167753,25.065256251216187,25.384108366674905,25.620499490798338,25.936646397259413,26.164299841957494,26.379422246754878,26.51364473600108,26.751898151206966,26.950120598409075,27.131806774241806,27.18932780424858,27.333438533186126
1982-01-25T00:00:00.0,27.29396269825213,27.570495995791283,27.85403482052362,28.063117685998563,28.374813732545377,28.59893367322319,28.822024859945035,29.06787394055091,29.35631201831832,30.23327306134987,30.56577041330962,30.878855161306504,31.23048852315084,31.547136862682052,32.08566450837755,33.14848953226785,32.89239539221072,33.29415141188745,34.00128864905439,34.73355096957837
1982-01-25T12:00:00.0,246.71188442511684,369.94497987881897,360.7204131684645,370.5169585445308,360.43839403333743,340.75796335132935,343.6372091590667,373.70706180419273,382.1702125764755,375.09700169105025,Inf,253.05777558872964,254.7825189174237,264.53634480520276,275.245968463025,275.060216799395,264.26494610082966,264.5328539366209,254.4732562962034,264.7267564604501
1982-01-26T00:00:00.0,227.4648358005781,227.7216802310938,229.15899623835836,231.1578837511678,254.008823370434,316.8328044784216,377.4131937495237,385.19472278188795,439.7447470775794,496.5495164431577,670.2405640702041,1609.3136892269315,2178.6224559568236,Inf,Inf,Inf,Inf,Inf,Inf,Inf
1982-01-26T12:00:00.0,331.52360078667726,350.03521303320974,425.53437342176966,553.6297372834575,1083.4827153262288,Inf,Inf,Inf,Inf,Inf,Inf,Inf,Inf,Inf,Inf,Inf,Inf,Inf,Inf,Inf
1982-01-27T00:00:00.0,Inf,Inf,Inf,Inf,Inf,Inf,Inf,Inf,Inf,Inf,Inf,Inf,Inf,Inf,Inf,Inf,Inf,Inf,Inf,Inf
1982-01-27T12:00:00.0,Inf,Inf,Inf,Inf,Inf,Inf,Inf,Inf,Inf,Inf,Inf,Inf,Inf,Inf,Inf,Inf,Inf,Inf,Inf,Inf
1982-01-28T00:00:00.0,Inf,Inf,Inf,Inf,Inf,Inf,Inf,Inf,Inf,Inf,Inf,Inf,Inf,Inf,Inf,Inf,Inf,Inf,Inf,Inf
1982-01-28T12:00:00.0,121.28241016260127,121.70768419827255,122.27385460743828,122.13444072696396,122.59272335535069,124.15925815770774,124.62300031097213,124.45002013041662,134.96423719256904,125.80386730377775,125.62396035506158,125.81675077492471,125.90024600634572,125.67184055828318,136.79682873892187,136.2045019580479,136.9212978712828,136.84784042231172,147.89214946717667,151.90225036585414
1982-01-29T00:00:00.0,100.81247123893331,101.01555795682907,101.9000337410128,102.34007469979406,102.38331515017062,103.23955760276186,103.54596161293496,103.73683054533183,103.12330375548285,104.05663150212558,103.8406329793211,104.15504538060567,104.30144572935,105.66969898875185,115.14180432875354,115.5076621256653,115.41456469265906,115.5585654537977,115.31028406920632,115.7553902006613
1982-01-29T12:00:00.0,79.47692354194572,79.52956799359863,80.31812369390681,80.66924682815691,80.82164101511344,81.1820451351641,81.41995769356787,82.11246843168873,82.47146432535065,82.338669652218,82.78468837315847,83.19370742604868,84.27043043320346,92.46393972386228,94.17016682426342,94.17220918789845,93.84843375121986,96.81251295116962,104.79624367108401,93.73747981246514
1982-01-30T00:00:00.0,85.23798451616024,88.69854551393584,89.3771147252431,90.16065128406122,91.26859145689725,93.33815501786188,95.75949732121062,135.653077561021,140.75055145504567,146.76231543519685,146.7911036388081,147.20299713688357,171.09517408018658,169.41848543529434,191.08456848877609,191.45856215630607,191.88130789273535,192.09071888783672,192.09773170255062,192.2392296903447
