start_time,0.85,0.8657894736842106,0.881578947368421,0.8973684210526315,0.9131578947368421,0.9289473684210526,0.9447368421052631,0.9605263157894737,0.9763157894736842,0.9921052631578947,1.0078947368421052,1.0236842105263158,1.0394736842105263,1.055263157894737,1.0710526315789473,1.0868421052631578,1.1026315789473684,1.118421052631579,1.1342105263157893,1.15
1982-01-01T00:00:00.0,152.92381444257308,151.59112733074397,151.03173184957538,149.82416572854493,148.093179202559,146.55393526395164,145.75487680282603,145.2294921436449,143.74935592061794,142.2753220480225,142.35445798727963,140.85796180044042,141.6794494548323,139.95075715968116,139.31532267973566,137.60498628487073,135.8068448654708,134.35008588081666,133.9247461955161,126.33580482080438
1982-01-01T12:00:00.0,139.20689598946765,140.84771070096068,136.84052749822968,134.33695620228934,131.92275115829952,130.57151866487817,129.13360537980293,126.58081460573527,125.93423050200519,124.62814409916835,123.117979259731,122.54932509107668,121.492250858996,120.51837324962662,121.14383768762957,120.59405328609374,119.57064838193287,118.6460487715351,117.08325704610947,116.0095626759708
1982-01-02T00:00:00.0,179.85321437348296,174.54176089725277,170.74618240787746,166.6538545532702,164.03118610119208,163.50871549891377,146.31525895885832,140.59172324619018,132.10491689044048,128.8972550352196,127.73605473158005,119.39999309915734,115.08949303515908,111.02095924414223,108.64052639901132,107.35389852309594,105.74022554277323,104.6612048091582,103.42287329324957,102.33515585803993
1982-01-02T12:00:00.0,179.65506211154548,178.34593969354037,176.61514101417157,172.9905054321602,174.20226422582633,172.39096295748612,184.91687775967247,156.62971681351854,144.3253408918164,142.63297948258506,142.53075921924633,140.88398799284465,140.07225174340567,141.13242039659985,140.34306512802718,132.75278629339232,128.82868119969896,128.40044952915167,125.42129927888081,122.24837762427573
1982-01-03T00:00:00.0,228.4514110450128,221.10522068439798,222.7796737495578,218.84990373805016,219.68633543322764,217.70391968689293,214.23425410378294,187.79336206934312,179.38703793378673,173.70599432209852,161.86258834039316,155.06411045529464,155.86812265382417,154.4346768637393,151.7067040467009,151.69909844570023,151.68032314414668,149.5896234396089,147.6864292148238,158.86135085506635
1982-01-03T12:00:00.0,207.10056264266248,205.20983911994117,204.6516790869004,204.48094010976013,202.85402158605694,201.8725137937996,201.6002227132743,200.06351816631712,199.69355952679945,207.27200544142983,197.23689928328088,198.17807874367162,198.11738668447728,195.67000584699232,195.2222374836902,194.86171287646755,193.37747492029544,194.19990320575897,198.39202345594157,191.05619711483962
1982-01-04T00:00:00.0,206.00161897519598,196.04289728755833,195.550319834135,194.44927763626742,185.75972836229496,184.45627567435034,182.92402261391842,180.77794326521257,180.33760566796286,181.26267752008405,180.93679587671872,181.05660569383514,177.6022110191489,182.4023735631971,183.30849229727497,176.5597535519096,175.8515393903837,174.59792460128918,174.50203439810196,173.68396502902428
1982-01-04T12:00:00.0,252.96741127391175,253.68765983014796,247.3546496962005,242.47456763069698,248.2553663341407,351.42365144540776,227.72204729733554,250.59672634239493,227.18105235174414,250.41289155584798,224.3374567656676,257.0790251745763,198.6520154606449,207.38734615000408,161.569740172431,163.99979311806374,160.81102726945335,160.55152346541507,159.39733592763378,158.3785107848312
1982-01-05T00:00:00.0,249.66316622728016,252.43333456268098,250.39096497859205,246.85354349401587,244.86060602500308,447.4655876813231,232.1811003026222,228.4569290218609,227.80829240036928,372.21157798101495,551.3533372440581,470.813163770288,367.0545713779991,470.78776052230046,468.7997917573856,488.17067803044074,220.10766624423857,211.22286364656983,226.71948784237307,219.30538264128816
1982-01-05T12:00:00.0,273.751375689166,255.84882540978845,285.5443084883244,251.28625926938514,240.32818299450764,233.63587349174693,239.49200242374053,227.05787870968814,222.07068312465074,218.93664105359485,213.93099926489307,230.41844832133862,206.03007348994484,291.50482439292307,215.92180356584845,205.88054479274706,205.64611005375434,220.65678750866434,203.60892099737404,206.206029120433
1982-01-06T00:00:00.0,468.9133639916291,541.314371948629,329.8737627643109,537.9858358560442,501.84453019058077,500.9141517747044,505.9431724559702,506.97265528152155,471.23192757646797,241.8384950158292,232.6267376495816,228.31652267426966,493.0805921485274,226.40371784350265,522.5094030478119,445.781600639451,216.32210015673004,210.87777587876923,201.1263789489279,200.67405174512288
1982-01-06T12:00:00.0,291.54935458490576,287.7780120536795,278.54770749453564,313.93016853194365,291.4489189025017,280.1624221619698,252.8689485222289,251.27902249780547,248.9128121896904,247.15219050684584,243.82790406057867,242.94808785023994,236.8704277538559,236.17936777295353,229.36834676701477,234.61467959758122,229.37178461225486,209.34875003946527,213.79062457094727,209.13019701296994
1982-01-07T00:00:00.0,444.46537216545846,430.8406261077193,310.85469081413066,277.12098342111204,384.0267673767327,407.24804675640235,406.9490836164539,492.7162136421966,273.95056134290553,456.7178330200234,460.5382714749117,457.22712944253965,455.67714838751954,455.38685123849706,463.6895352226949,364.8215764158766,412.76300967687376,406.17976388603535,463.4336515378167,398.54310710997765
1982-01-07T12:00:00.0,446.1760213356533,409.76637705613194,460.3005454674654,442.0101831189359,440.6259137663443,428.0215942386177,402.7815644597748,392.15413725348685,550.1284130511226,404.8599833926654,284.7180006398088,545.9897129367048,528.5538618260446,243.58839863277362,432.05881848482005,347.96856852824357,382.89036914633925,441.42432006551326,378.41202233561853,379.90193334895287
1982-01-08T00:00:00.0,414.3088374273088,386.60269076040174,382.83681662327996,405.91260772684086,385.88837900921914,380.5206186593087,386.90905354099897,370.72067157162616,361.3014105037353,434.8417955418306,405.4677655520583,422.27945804473393,358.72081573788023,357.35335550398565,359.81754567758225,356.99891340744693,243.94536902077442,242.7880181180454,382.1959553299937,409.14764269554723
1982-01-08T12:00:00.0,316.62287768765265,398.2223355913542,404.525861591888,392.64811782339655,390.94212761602853,385.83142818456713,397.9807219902819,382.6281469729069,387.7024514473311,358.7787531193309,307.66668041708573,381.4077647571163,392.00165361795723,387.7563975603792,393.0884436079938,349.4393775700597,392.08772242376443,367.67714840941284,258.9196152570689,255.6054887949235
1982-01-09T00:00:00.0,410.2325533403498,410.8272623988936,375.2135002645524,374.668155484448,371.71691759608046,374.9695363916327,371.6774056165998,363.9380041423137,361.64811727002945,318.54895801849665,384.3271155681778,316.15393440997366,325.9944825627579,360.7864016430027,313.49201549054345,363.09668356388426,358.934202061647,383.2770491448997,358.43875186188745,386.3584194414482
1982-01-09T12:00:00.0,389.22208305884976,354.1347207825962,353.85179925906596,352.76508395992033,321.4005535619243,342.120308130918,340.7134445220743,323.1556588991071,342.5754878894686,339.39358494019996,349.1455349002726,359.9475669481594,297.40543151942035,340.34767617506486,389.05373491512455,380.99045618308617,357.19207682545874,356.1873097336721,355.24038260630664,345.83279847867476
1982-01-10T00:00:00.0,301.5864782721968,301.03439928530105,301.1953970122866,334.82795518067127,330.9865956133529,330.07288256047565,328.9671416425752,331.1591031830417,331.10049917275177,334.124714763877,330.3588782176323,327.0778035989586,327.38188590500425,335.14334354360443,333.4259059711933,334.66651934518796,276.18802204161585,335.07441940704217,326.14643450252754,324.217733273105
1982-01-10T12:00:00.0,347.51236302532266,320.89133106073285,333.3999654792519,342.80794851850237,346.3772504280696,258.5886506829164,310.44303105907267,279.9843389955751,320.0526513594897,273.09280402940874,276.18287383270626,275.6702315188865,275.9812413126184,314.6086540425586,310.9269210791415,312.75248446363736,313.5715485274673,250.18280529756467,317.9185068753615,312.80162328419647
1982-01-11T00:00:00.0,256.10380828030236,259.18034269208687,257.78547994136653,276.2462301922766,258.72665073076394,261.8015812096054,303.33558024342545,251.6051194034159,251.5829857237681,318.68560582080926,243.20491728408373,239.86588798236502,253.28652213284474,237.1517673837355,229.76776307228604,323.2049225485016,314.4182623501713,231.68904625545787,314.8285776861591,313.5122523444844
1982-01-11T12:00:00.0,259.40062203840705,258.29495630434565,256.2524734554833,256.07799019621467,258.5013444226426,256.1239203210076,257.4189448276115,254.65837938566193,256.629967274682,254.5106170628684,236.65580766473926,235.36476642892214,231.91359900411598,234.045282274999,236.71968264985293,232.60098294402954,228.64496690498825,229.9176856898867,221.0719422329112,219.88249925554356
1982-01-12T00:00:00.0,253.51190630981915,246.86786400823308,242.07144939897503,237.216485794111,236.90196804831152,234.00884697988255,236.65249629845695,233.7282110125339,233.7597721362639,232.93190412457744,230.6972730049257,230.68262541359056,231.59937863866497,231.38313544292203,230.53447240400143,231.55029607025253,216.57624554832074,215.44173830718725,214.89761106426522,212.377218373463
1982-01-12T12:00:00.0,241.469822374386,241.30809511748606,238.7867226268044,237.42081632447804,236.3404001404749,232.92960087336687,232.35015962262779,231.2930649832377,228.29720338616576,225.00324356590434,218.54330711629007,216.07524142285868,212.6150325711512,212.04185629751595,214.61000849229217,212.47374780470452,210.82893495833804,209.20857096930393,210.12574397583668,209.59325965140212
1982-01-13T00:00:00.0,223.2018907192873,221.23881220037453,219.05617064533962,217.52945661087506,217.66880389149452,215.7159949989945,214.35278745343913,214.01321795511674,211.09159930332083,210.07977426999673,209.13953990351683,210.54671063786225,209.69648909495467,204.23208410194644,201.973977911847,202.4809429813246,199.09905051086218,196.47921044373558,195.85930646919067,194.02018320299285
1982-01-13T12:00:00.0,204.3340617861454,202.64015822314772,201.3494718039751,199.29692093572905,197.43555163821026,197.8844974721228,195.1348256615756,192.84609607797367,192.90430316332825,192.96747028669276,189.4722949520144,190.32581629744277,186.72047169733892,186.1876899443206,182.44120248829273,183.26385042031686,181.42666504137065,177.4182651192013,178.84920694362046,176.74765200427234
1982-01-14T00:00:00.0,183.2480793786807,182.44810918191664,181.26060683850565,179.29437599878497,177.73653176431978,176.6426564170303,176.1035146844331,176.3235025692974,174.22362999508815,172.2868387302064,173.19096346565865,171.45374302403465,169.34805607705482,167.33858801006963,167.13795173264842,165.23983816031296,164.0314777090876,163.19342082158593,160.61843256785366,162.18584066724202
1982-01-14T12:00:00.0,166.48575189924065,164.08000667836146,162.87248980280046,161.18255628774608,159.75877447150668,160.65414038986,159.01819757469232,156.7506899902293,155.18682596565543,154.20172629603806,153.79198770304433,152.78652094955356,153.8793554354414,153.2444459747512,149.2008286361505,148.37457412491162,148.69696832009387,147.77925827795085,146.40240761981704,145.12854959003448
1982-01-15T00:00:00.0,154.5470690958188,152.92662343511878,150.7906954278865,147.64718327007267,145.77513112390085,143.62659414994252,142.49327131504805,141.03347683710956,141.1089752574713,139.33028985468346,138.06581107850565,136.56051303212942,136.31315532798038,135.10826848442167,134.25355814519128,133.23324507377973,131.56860352734932,130.7264164364696,130.3699349494194,129.3102494094077
1982-01-15T12:00:00.0,147.65810493537336,145.375323660394,143.8606682390947,141.56026611680826,139.40147398144148,137.81206533581081,135.7592866301373,133.7173226957502,131.70486407475664,129.9360331918941,127.75479203786757,125.70805998941616,124.05466237677663,122.18727440838552,121.11255379339707,119.37731400354494,118.12685657637367,117.10788568211595,116.14157274202272,115.34207813516166
1982-01-16T00:00:00.0,136.92518112899467,134.68949472504758,133.05426422423034,130.64143925419057,128.58662760241629,126.1339935661579,124.35596889125907,123.12128055031287,121.52036788823398,119.92084685021955,118.87158264928233,117.45425123205362,115.96820603199704,114.83484011376673,113.64913442823212,112.27179105935791,110.97612317243659,109.39136120481179,107.77343723680966,106.22691512953078
1982-01-16T12:00:00.0,173.18472432999505,173.5907404987046,144.28498665820499,138.2899762108771,131.81047033569777,127.58242413207891,124.29583084850928,121.27494957932372,119.00267134619818,116.99611664367366,114.86122866202562,112.45227787545255,110.19513844466395,107.46564917272806,105.2046255275031,103.59949115976323,102.15609964547073,100.64876286213449,99.80055617094466,98.62142524107877
1982-01-17T00:00:00.0,157.92113624280788,156.4798339398289,155.05750860007015,154.59353631414461,154.60022705546567,153.911746259867,153.53726029086425,153.61827484163123,152.6513729806257,151.90687606826577,150.67998460999888,150.63945469574827,150.26566210347534,150.02670251214025,146.9339070744996,122.96846837293704,116.46613645045448,112.03796215147263,108.86773068384866,105.08928225643625
1982-01-17T12:00:00.0,153.6363848460987,148.60328962491027,142.052317424552,139.66123203121973,137.81227542443906,136.15053915337816,135.07202550602287,134.3966114152292,133.66472468875935,133.0950322784724,132.41770882088488,132.4990143203761,130.72786430180537,131.106240926332,130.91177446953856,129.72791455208858,129.99179960994107,129.3259509660244,129.64146224665072,128.6154007774235
1982-01-18T00:00:00.0,229.4117918529274,160.4561115495554,156.6951742613094,151.23838640093115,260.2790696381632,258.99312254527996,138.0991069025862,139.9036581392912,131.76411278475106,129.2566042181334,134.2096472715155,128.404306391587,125.33154890229567,120.5020725006565,118.35256527124046,116.72707507093716,115.45497729359921,114.56678633555909,113.67754915925262,113.17175955988283
1982-01-18T12:00:00.0,189.8588213008813,188.45878091590328,187.13113915854152,189.90019674769644,187.42570549974678,184.3080816970682,180.5416023468351,178.89963989309805,173.44465980273415,162.6294827944188,160.66329628731762,161.695164490372,142.16033300803457,133.7540866954128,131.37359877553206,126.39899351109001,123.57199641848362,121.14974442477188,117.6503071211491,115.81895152252206
1982-01-19T00:00:00.0,178.1121731216463,176.61545301971546,174.77861567052165,173.278619864843,171.29975463588096,170.59272701736833,170.35751005338722,168.80206164706556,168.30203078812508,166.56112325408392,165.59956240410304,164.94312586765375,164.83093397807852,164.36414499836536,162.23990966194978,163.63063091136974,163.37250847922215,152.786417575037,154.27202601440675,156.20500689173733
1982-01-19T12:00:00.0,183.7395801239749,180.66691866513236,179.22272400141767,176.5812969614529,174.7126237222154,173.57107703546743,172.35805127095188,170.3400119560686,168.95864019996276,167.14511963402418,163.38344902375258,161.55682235723557,161.4985528810205,158.41239496079376,161.77857719626184,158.53504088569227,159.2952847287837,157.43565414936018,156.79960603944488,155.87315139866277
1982-01-20T00:00:00.0,179.83457774172527,174.9361619140152,173.02316220344298,170.04160356860726,166.95193839269314,164.57664919872093,162.98434027485953,164.16055377115123,161.34445092240608,159.79775287708713,156.80404227929725,155.46367221346134,153.26553578143225,151.25512837742508,150.6528646638284,148.91373846899475,147.48846904362776,146.20630908921717,144.79200838155168,143.87974841190552
1982-01-20T12:00:00.0,168.89458913354113,167.6085873004831,166.21146868026094,164.49861012294616,162.65072432943327,159.86428841662146,157.16486341981368,154.69824324533306,152.84890672371185,150.6238978570001,148.16380078354427,146.23245706628276,144.54940836396162,142.08390616064966,144.02806702248898,141.12061149147416,140.07062353594378,137.54715190104739,136.08079186839993,134.4594097718121
1982-01-21T00:00:00.0,152.086920084147,151.1200577248073,148.68588432729118,147.309149551408,146.6911000025365,145.56156161249805,144.47584368106402,143.30140044808337,142.23632418259265,140.63511875135634,139.3313297961764,138.2005033685857,136.42711326736293,134.64090489806736,132.7688272163513,131.2801237216885,130.21589771012964,128.72758880013134,127.51351680509742,126.50156418069889
1982-01-21T12:00:00.0,134.31001089569537,132.24613058533657,130.9807420702609,129.68886420609192,128.8635496196506,127.6321401303476,125.59213505483086,124.9647158581417,124.06054604597064,123.1782779830629,122.16745890330387,121.28277681363957,120.03163352164165,119.19822474667903,118.0988944441976,117.03138989577161,116.07014202974314,114.8494907614729,113.7443309931842,112.28257818716243
1982-01-22T00:00:00.0,122.37954991093376,120.01211363815759,117.59713337545134,115.86636923568075,114.32238659384561,112.85033461310672,111.41295469365954,109.65245308660165,108.1753562101341,106.97050418805159,105.7541170080429,104.78980899224636,102.83617372861374,101.73058601112017,101.24913140168935,100.25066800476998,99.47445766762753,98.55660543957752,97.76330925381059,96.96278318060504
1982-01-22T12:00:00.0,115.74693324120948,112.57811564554525,112.52614084092427,110.59231122699713,109.34552052438538,110.31217265373276,107.2580640406569,105.21181708333064,104.67829024727229,104.3565347626117,98.37803362416263,97.52083163711885,95.6549096633965,94.88698015442185,93.45888285068912,92.34100269349422,91.45728943874285,90.70224606123229,90.32201842649175,88.7487938647858
1982-01-23T00:00:00.0,127.53901949748361,135.23368172609534,117.81240522829091,114.55077344368263,112.19748790695328,109.96238827815057,108.18902027089995,106.66769650464313,104.71632732399382,103.41662842619552,99.53175888535074,98.38004453276807,97.77901032437285,96.9312589779883,95.57308766488211,94.54519019483385,92.64134871851907,90.70785872088862,87.64706189596953,87.50090536529765
1982-01-23T12:00:00.0,192.54147999786312,170.24478122557096,154.68593636737305,209.41567626124169,179.6017329280205,161.1519588395543,164.95396245594026,149.95290615605268,166.88592979992328,131.3888359048599,173.30154817527105,117.56673269571588,115.2980617020498,143.48945594953972,115.7341409914957,138.64617862296177,111.79276707326652,114.41210423729434,124.91443919369632,136.2758164694747
1982-01-24T00:00:00.0,215.53509023448552,214.51351033298616,184.59155355653255,180.99185987243294,178.84611683474577,174.36445323620012,169.1409736554168,166.7096852614885,158.98878162002217,164.92944399857257,161.7652952055617,158.74241557562883,160.2196797186456,154.95029114664806,163.98158613896874,172.29013282438328,155.34431157058955,132.9172161122383,153.13505907809719,142.2457075259719
1982-01-24T12:00:00.0,213.09521366818174,211.51870322886703,209.56796721815678,208.47750607213692,207.06048227310194,205.07751642999344,204.88033383891468,203.91987552705103,203.4122114556522,202.45672241984,201.67638897196284,202.53993621189028,191.4123393455576,192.95835571987212,194.33960899019738,187.63786485345585,197.3511161500446,152.34240368097858,156.60909791610106,138.38332206102697
1982-01-25T00:00:00.0,216.16164170052878,214.84580741829288,205.90727913319844,203.59229368114762,198.60175723495186,196.6767161994356,197.59024611466242,196.73362969967772,193.12784690801948,189.47502119570214,189.6752319176215,187.00728103805855,188.79153769019572,185.92217426170507,185.5031211399383,184.99705194214954,183.89196461907875,184.17369853551293,182.91255098713205,180.9380639366251
1982-01-25T12:00:00.0,222.47649562335525,220.07371885898255,211.24330058022267,204.3551645995808,202.79860822919645,200.50169853488345,200.11268375781273,199.54365381056098,196.6377328478195,195.0414353823614,191.71815577680363,191.09304370864396,189.243132756496,187.0857362344029,186.46166110548208,185.34723936344446,182.6506904482512,182.26060228276236,181.10108721463445,179.05554155459313
1982-01-26T00:00:00.0,228.91220512935996,225.5064736422334,216.64150731482607,216.19486326236233,208.14604061823448,205.24992167603457,200.02174133326554,199.3340344189299,197.5987867270242,193.3207219050052,191.35779212977496,181.14943338145687,178.74204379515032,180.00166417189214,176.72481967936926,175.7975856459488,171.16640039370984,173.24433871033685,170.69276327611084,167.2944384375127
1982-01-26T12:00:00.0,208.38763596548813,206.05001663162003,203.4304906048784,202.079437579314,200.86436733205218,198.1710987135149,197.5325118315973,196.47889874950536,194.77897357619543,193.55763135548264,192.06248210297366,190.79601391101517,188.9733325426069,186.98282574026294,188.13860168305834,186.776535095101,186.73233246527442,182.50328970179638,181.3000492716079,180.59479248990812
1982-01-27T00:00:00.0,205.0128526252117,199.03295713936294,194.8299211284944,189.3838977188065,185.82214311491512,182.98643955805073,180.21232016224522,178.2886588193911,176.5533336161747,174.48198261682288,173.53255510245214,172.16024630738286,171.03405282220453,169.85943127247808,168.99941965119174,167.68044252014218,166.68641042073634,165.54694709753366,165.0279880472591,164.39366921613384
1982-01-27T12:00:00.0,215.0820238460304,205.71043042681217,193.82997245838808,193.2498962268518,187.48652375867078,183.24683221245877,183.1887539631612,175.082472551235,168.95716409923816,169.2163222885467,163.46514101310436,160.13027408165794,161.37191628237716,157.7205295043459,155.99272926612144,155.68197987822265,153.72344037496435,151.79408387763402,150.03308287578153,149.41847139211467
1982-01-28T00:00:00.0,215.37170643640144,214.13328054135624,211.5078999822218,209.03389780433318,207.4141331741981,205.39667834407274,202.32768097239477,200.11943078845871,197.7891516244576,196.6836003748525,194.65421686778117,192.75045258464965,191.55652685952776,190.7118694475759,189.16171718765918,187.03731669155044,186.29841818236218,184.36528210096031,169.92098121807192,160.5170732715519
1982-01-28T12:00:00.0,207.0941439560719,204.12149061430958,200.61247966042177,198.6039229884819,195.50584639834216,190.01247904044433,190.70261450430112,188.24076083938445,181.49673111045226,179.3071312989801,176.586109397109,175.7428566647853,172.89205337818268,171.89916270321555,170.18731863641221,169.17697493513415,167.57435243810608,166.9057572097699,166.07600150158592,165.4978465188113
1982-01-29T00:00:00.0,196.3030106212882,193.69849386430877,192.07494945001594,189.9757598061041,186.38364912872305,184.4416498773522,180.84720763797446,180.08975908462315,177.71756746526825,175.357156509229,172.1732036430089,167.285195424183,168.07997168867382,166.22130570629525,164.42413256114577,162.761623867404,162.47488370215143,158.679629482581,156.3455638568524,152.38327015053522
1982-01-29T12:00:00.0,197.185485264058,193.9033550609816,191.71990894002744,188.47319043673951,179.78557802762333,180.03804525137966,173.6452642127373,172.20615510040346,170.85060098420652,168.3108227810295,166.9313765955866,163.10864106714985,163.67654611903657,161.66877389565653,158.94804350647382,157.44587819668746,155.8009515875333,156.6275099690842,148.78634690800712,145.99120807690366
1982-01-30T00:00:00.0,234.26352598541627,227.2863163784933,232.13582781955944,227.2693806147844,215.42527856095305,198.574338384371,196.9949732874224,191.36203442285628,184.93289198052997,182.10666057632605,177.36591787605278,174.17703663877705,166.38907131214083,164.94376468317122,163.1444943432057,161.11018631312183,157.07951307840028,156.2041229945016,152.92981645432178,151.62024915592806
1982-01-30T12:00:00.0,260.1220972264613,251.35930703158354,253.32768829439635,242.44348345729782,250.0768584432161,249.7318774456192,214.93757947363818,214.85195552424807,210.75293048279852,210.32255635411974,203.7377476094481,208.18313652013043,205.74794269126298,205.29941963776278,194.35228651672213,192.46642931686222,188.21004084150897,184.98377388143172,183.76680014157063,182.53239780777835
1982-01-31T00:00:00.0,243.24725034540518,243.57783247393135,233.22784370818448,231.6091500604281,238.14622866659707,255.34022251615082,247.85734832571427,231.75500865098596,257.32810223294223,230.98672335557927,233.27698783352525,220.04156167300792,226.2933163358156,233.81820940677207,221.95000558307936,220.91456291848104,189.14695227875478,189.68403647291413,187.3452233675758,182.13399649185106
1982-01-31T12:00:00.0,226.68141940460126,224.38201510848452,223.5019883188691,221.71587083277993,216.72767107217837,217.03299129054878,213.49626947977353,203.44747090360198,203.0277881691876,201.91179931213304,202.19124978253308,200.4418990208141,199.87773081603612,200.69606299074107,197.32882616873954,195.6421575767228,195.78392119421565,194.19773707966283,194.55203690524422,185.81140020196344
1982-02-01T00:00:00.0,205.44369635019055,201.9035311018768,201.06233642616368,197.81829740852496,200.3648509674164,195.43232658333736,197.1415313523541,192.52730465024172,182.99516452499202,182.78607467391106,181.49582121546896,186.30876046745098,185.80073900660685,185.19114143042557,180.29889371279256,179.28177331774046,177.13764566511534,176.77088706129396,176.46840377018367,174.56343008321718
1982-02-01T12:00:00.0,212.73296182180098,208.65103949450662,205.852482950152,206.43694836588682,204.95923213864523,202.07207185807934,199.18628178594446,198.2500115272172,191.19931447329367,194.78569277266922,193.88754193157862,185.55230373844054,181.04292424541683,183.24197685805618,177.4129407348592,174.8181379469359,165.08040851561353,164.22320970110184,163.29199438340126,164.77558289279068
1982-02-02T00:00:00.0,201.91503628471932,201.3765606117467,198.84394278393674,193.35290179878737,185.57730728144912,183.51562694957545,180.24544144439295,180.42388251977837,175.272804850264,172.21857095209148,171.3121496928406,167.58687782241694,166.5044868264643,166.233492324732,163.82112850855583,162.93261176400102,162.44805618553312,161.23438965357863,162.04685912561436,163.11459139328323
1982-02-02T12:00:00.0,181.65938452694235,182.05339960136163,178.13411901740463,177.63853263167272,171.55969227359205,168.79083104857193,164.97478854477268,170.47645298017764,166.56117196334367,168.15556765081251,162.44182478833378,159.4977437497992,155.07369258346057,157.1352653071819,151.34763329359842,152.97523201244832,150.78117994343722,149.89098717435704,149.2370910866444,153.25432593983928
1982-02-03T00:00:00.0,167.76294448527207,163.56581380426977,160.50749953700708,157.83490793189875,159.1733659943892,157.8466485128582,155.40407316956052,152.81197128130586,150.3762867620801,146.59577199419167,143.59349625248953,139.18226375051495,135.5827577485794,135.3995730457168,133.4732360409691,131.43277420499615,130.86821161497988,130.6555396843488,130.10562459547216,128.08854537919945
1982-02-03T12:00:00.0,163.91149141310103,162.13211231440766,158.98134477371661,158.1844134856845,154.29230991186537,148.4283491161198,149.57720732873437,143.21143041502813,142.9681869539257,141.62745683282844,137.91504909811974,135.8780387735413,136.36987327110987,132.48905926758366,133.67409373974974,131.80037801871836,132.0905920157831,130.0327789773882,130.2072234727755,116.80142254939439
1982-02-04T00:00:00.0,151.62267465518258,149.65506636601984,149.17851561862267,147.43563224544747,145.58869574358903,143.66286721309442,139.25769799612365,138.49760721689427,139.93509482821625,136.09304201779395,134.47641995171335,132.83652359262766,134.09340490958795,131.0575985188057,130.51720372832793,128.85976992655492,125.42706399711116,122.01544465904382,117.24465452212466,115.1160021019007
1982-02-04T12:00:00.0,144.15820230263319,142.8099206338777,141.23595732050887,139.30561255292625,133.76077257241278,131.75605947719754,129.97388476574767,128.11968027797357,126.40133332515103,125.33591479653114,124.16848641941095,123.1540757130387,122.53006153267671,123.28733063817533,122.2691254815294,120.89917792674579,118.47118806110888,120.13903526454091,116.15537184972025,116.0156667609504
1982-02-05T00:00:00.0,161.84253732153323,143.8201512407955,136.9123949139235,131.04942704859414,130.1453077940177,128.01696242427957,128.35374370706913,126.98308495182741,126.44228402816854,123.31716433057953,122.53416595206028,114.76037119885986,111.80191301060069,110.7202225679032,109.30972743184859,108.34841461596665,107.59985333102472,106.36847503994635,105.14196818501699,104.35669885015281
1982-02-05T12:00:00.0,168.83311941004348,168.660318785827,167.27098269022193,166.35270351525415,165.71999341870014,164.63870589985854,163.7662904146401,162.90397434620195,161.71524561505564,161.4418084714678,160.37846157924892,159.2365006483201,158.90506176325493,158.49840599685336,157.74898436616493,156.88059736219682,155.97759840811779,155.9942580110798,154.4273972753769,140.68025132462319
1982-02-06T00:00:00.0,186.22786186672263,183.37884598929344,179.88559879901752,170.3898618082167,172.74926096805046,167.6028366779542,162.8693309067666,159.50510201480748,160.66519232823572,154.60496234120413,147.52101476007093,145.27416127496178,143.67734537922084,142.79216758906088,141.57890964417123,140.6931086445716,140.61183411412006,139.31983064961653,138.39045750080345,137.9740735386369
1982-02-06T12:00:00.0,193.7977073906621,193.7105447557816,184.29881783351402,177.62398505273356,167.87316527562183,170.58739765265938,164.68561059925503,161.47771040791662,158.37283129020736,157.50183924543649,154.90938077592645,152.0907774224584,148.6870662238654,147.84528945947193,144.82649811226707,143.61614560000456,141.32972318756916,137.7439348884765,135.36730003718398,133.492358734896
1982-02-07T00:00:00.0,185.83842934360348,184.51674514264704,180.75454388224574,175.72675336021223,174.96489312413547,171.12152634254335,167.84806943236103,164.058691483001,166.72277497913262,164.55910298230108,158.39197682729645,156.4344486600737,151.244115995112,149.53278309192078,153.30754288952033,147.9254096480224,147.18091871789034,146.67103243430043,145.65979139250985,143.07666910954558
1982-02-07T12:00:00.0,173.59782069107,171.8815286697022,168.85756835460688,167.42061124462057,165.5327987383218,164.11222308490113,162.8939769389965,160.79090525107858,159.48971617133125,157.60870713179537,156.06061242749578,156.0636870600054,154.86901463555418,153.6207717815255,152.042542364803,146.2668087567455,143.9512968956555,141.0029938152624,137.0942949691603,135.73777577638708
1982-02-08T00:00:00.0,173.02118251119379,167.4485501320698,170.51690981814932,166.51396580355248,165.31187084270337,154.93482594674896,151.04434939224555,149.74112794847395,147.09828510621665,145.45698854888076,143.96815579106186,142.74883789264823,141.08977233264645,139.3818120718696,137.86414908147924,136.94700439990294,135.65901106608004,134.40918923750976,133.15764550737407,131.4846951026287
1982-02-08T12:00:00.0,205.97390701443547,207.31353442379503,204.48689951054573,187.10743651331148,188.1649788261408,186.72729652171842,181.78903730601772,174.74836799094163,171.0524549759409,165.7005378638343,159.4257809104304,156.0124719776268,148.41072849067143,146.282920564335,145.37841560420253,142.38149632687737,133.1963348322419,128.89240666987038,127.59362132116235,124.80640214636963
1982-02-09T00:00:00.0,201.92997959852804,196.4809283986589,193.5877578874572,193.24810064783236,187.21918341235568,183.0597264705816,182.5029939813012,183.80920339996234,178.08611674273484,174.57870097774537,171.64219161269241,166.918182591772,166.92862189005447,165.5764980300162,164.2992558584295,163.36071666223913,159.36776604865332,161.75398117819216,161.81819837208386,159.34016736035804
1982-02-09T12:00:00.0,460.42195863562085,454.758699468804,221.05902951583408,237.85656912653675,215.34633732683315,214.26273361877816,214.24405591150003,214.13885188756856,210.64137018199267,200.14970750640927,191.67622239919757,188.96310900168484,176.42153161907183,175.3657847127968,175.04151319264383,162.3093996392312,162.23603326406266,163.94829053266292,161.854661965325,148.8459990701543
1982-02-10T00:00:00.0,258.2270100200171,258.44844086139784,257.7145994831246,255.94059939092122,237.01885420290242,231.6767827719207,215.75649817950386,221.34178408962728,204.93213797680448,199.85981928554995,196.46677021798385,193.41698135939808,192.24249602560116,188.9523174903032,185.46776380273764,186.34358994514918,186.93996439234766,185.73754739942166,185.49794336786246,180.01856278988257
1982-02-10T12:00:00.0,278.8020537295238,286.5376981712313,511.459246224255,386.4798018565299,384.3208673117714,358.6864267352428,238.55465678464853,360.91951819629196,210.66674858599035,211.14083584641511,209.436659994928,202.5262054874718,199.71731031564602,199.47373499916114,186.096296213826,186.05065225693997,178.49859866379273,176.19554140524872,172.39006245458535,170.62930119161214
1982-02-11T00:00:00.0,405.326151535943,392.64015660281956,435.3906134314031,618.5711887295023,492.2535240503643,388.2035969133395,386.61414934824296,372.78762261751206,488.8147099061086,365.86925720826434,246.92490971106517,362.95701774522695,242.68694092843836,240.50825280994007,242.32711179116916,328.29412299282194,327.85908683229707,186.93310596763985,186.71811487063545,184.55193167492195
1982-02-11T12:00:00.0,368.23993199325514,419.1731361371262,413.83526003315995,425.8910883159496,414.92750619481694,427.6017295788421,409.35245451917024,368.90860086775916,382.0803217177156,375.87880804655555,370.69061606519983,368.3230372514813,364.0095067548802,362.9202820624344,452.7828670984991,362.345172640833,480.95391080168855,365.1515630590254,433.110228368454,432.2092659085632
1982-02-12T00:00:00.0,347.8176649620789,347.1424541004614,384.1329620227198,391.90459049261034,391.0689442746679,386.98136052791966,443.35660445523814,277.4471616111569,440.36897995021474,439.6543190611871,438.74245134938405,438.54746660201124,433.28013990414,373.66172054458195,463.7566081934197,396.8300174556891,395.60275586204807,427.85178465387924,426.99330786628275,325.32491621377255
1982-02-12T12:00:00.0,332.43872509158894,425.5191885549312,424.1307309622498,323.6913118323641,327.4932070796186,337.8376805824566,323.0139284655834,366.1863543036517,360.0684950901949,389.54941449890833,245.67224443796277,362.0342043089898,361.74156308450796,359.02985801281744,330.81391863186377,351.573717904785,350.244042578147,333.480496014828,354.9001778828627,412.44157890774324
1982-02-13T00:00:00.0,343.0649879770074,384.35422510163477,334.79581212474585,388.1102627386487,330.65182047529663,339.0839827401521,336.6980202805458,312.8093997879687,344.80552587688123,341.7297625281929,369.88159920358646,304.2801089167654,332.2200578839422,332.24781704446633,381.2961268052428,407.2922315115582,282.2772010388009,280.16075954860685,384.8720695415419,283.29164211983385
1982-02-13T12:00:00.0,342.59783069846014,348.9068779114129,333.76735329847895,350.2812961416611,340.9867114252448,342.23931207883186,336.78086187297936,357.50270759145496,349.4344850216053,344.90164447837157,311.250131398388,310.45700667484067,358.1917724920994,321.3597961508037,350.5706406010963,328.05951091467017,347.53333981711563,347.07148269986857,305.7518830405694,295.9434769206642
1982-02-14T00:00:00.0,322.45785339730617,328.55365515920573,324.25747980574494,335.87378156841004,323.6067819423591,335.349748523015,312.914549454163,311.3677679208632,307.68521794515937,306.80158828676514,303.8976796956496,300.96750836442607,298.6221427839369,298.2024418504671,301.2032714840478,296.0723240890489,311.6074495711475,336.1946818138928,330.02614981930606,328.8592615830349
1982-02-14T12:00:00.0,290.14970534717156,289.416231394467,307.16078997916736,304.47840395466864,293.0844644827136,287.1344426087518,296.7857502465193,290.48627476976174,285.68542220354544,284.4206879903032,283.95464118997995,283.5301124177889,282.4021488869255,282.21773258015446,279.0913277098662,276.8351854466603,271.13851702521896,269.50496959285334,269.7609670505503,266.3360776569198
1982-02-15T00:00:00.0,282.52533914840626,286.0319564599689,264.8076692231406,264.37115812124927,263.78718143076486,260.9899482230883,254.18098888601338,257.06814508663115,253.29243554574907,261.2227879987563,263.2014280217625,258.70545228893855,253.04380646488838,249.39417399208574,252.41504020609293,253.48920639416673,245.4800706850575,248.03003315574028,248.6613524708815,256.9115145543887
1982-02-15T12:00:00.0,266.95811471123193,266.1167233312051,264.8130660372967,265.0695537675326,257.2986934187153,256.7139471298782,244.2465405065513,244.1549372006086,243.11078994360176,241.92674637918444,234.22205969814357,228.09537403672607,226.82253697539608,224.46156071308755,223.69399085298403,222.0747358399039,223.18139735125243,222.08087161676315,222.5977972900242,223.89743916238277
1982-02-16T00:00:00.0,246.21562492201386,245.0648142796762,243.82464523785023,241.2944308248451,239.76504626231898,235.92777818675182,243.3057477101369,236.8323397711041,241.37639352872623,229.82554228973763,237.97860216288433,229.56338418180903,222.65391284992964,226.4395835363418,215.81328512369691,214.62168763277938,209.98842018057664,207.00027658023944,204.3104876809341,202.87712184971903
1982-02-16T12:00:00.0,236.50697571374633,234.5209368857209,233.28818191890278,232.65045379532972,231.17382905508472,226.46220393221375,224.7709828774454,223.85723523160377,223.5922448774271,221.44794860904628,219.75853067347137,218.83978323074047,214.42354167311,218.85392784853877,215.1687552645645,215.19813192327544,206.35400196425502,203.6398938491236,199.84750417058117,199.3684038032881
1982-02-17T00:00:00.0,223.09749910153394,223.9350729459122,222.64455573723197,220.66466657459722,216.31706679456394,215.13900409439805,214.98421214197975,216.22770651684846,215.02253249776066,214.52855809720313,212.34968689465413,210.4197970056152,208.60768091708468,208.59542343695233,205.37009788622316,204.28195176353714,201.23619756669194,199.58638935892787,199.49323864332396,198.62467796851374
1982-02-17T12:00:00.0,216.60867194622804,213.24204642928206,210.96496540429183,209.46703960961597,204.75112394897712,203.3988274004323,201.355551060008,200.43057638703638,198.42625101533812,196.23548654474112,196.29009960081018,194.0310314892972,192.97407045751228,191.64554901855175,192.52084159100258,188.58917739149686,186.72623142917183,186.9059569427438,186.06999128988744,185.61116650464953
1982-02-18T00:00:00.0,205.15405432968737,202.60840911101795,195.28883322128613,193.9211519793328,192.76438576398164,192.03855372447345,189.60041006759442,188.22004795553383,188.21738871413828,186.63555709641685,182.96400944139828,181.89533243818957,180.21869091422985,180.36296358371322,178.8488522103468,177.1969263634491,175.61249434429143,175.20976145929848,174.458773131139,172.86985168962005
1982-02-18T12:00:00.0,195.77453919375736,197.35126693557743,198.43169416833476,195.49915218279318,194.499014165943,191.28300510721468,188.8411641024519,187.67456534550624,184.807186745279,182.47816180066843,178.55974813872635,173.3666696789243,168.9043425989522,166.66480962761156,166.05519536869554,164.52589140580793,159.29300088226657,159.97378644769853,158.41889382972778,156.83014758145055
1982-02-19T00:00:00.0,220.86658568215037,206.05076078051206,195.67454611126922,193.13921836749776,185.97038559653788,184.01122895572038,178.03261064031074,176.6430730314463,173.85709675287535,169.69594330597513,168.10306434722824,167.95340345693796,164.79308262562998,161.04928712594685,161.26981300015967,158.97746280581913,157.25180230306853,155.05156750109853,153.57187789962614,151.3800907924742
1982-02-19T12:00:00.0,209.7387443055539,208.94125878986281,207.6658705816968,203.28430915018038,198.12142635625113,198.1536106833869,195.28513387968243,193.4335710432862,191.44636805891835,190.75728713385732,188.4865120081532,187.6800877724204,186.62026750900665,182.1182149682091,179.8326474267961,167.94131913503938,163.49644200591584,158.732986649938,154.13294277451098,151.49812750438187
1982-02-20T00:00:00.0,247.57914328628792,225.52563669942623,224.95942956521313,223.4452075206414,220.75483736106676,216.0595348594436,197.75944692707515,193.96461420843332,182.5113686182299,186.414981644159,174.95264433825008,174.8484047257522,171.98321654578461,171.33918834733208,170.51060340309667,168.5503485143383,168.95222342743517,166.265996507072,166.05224100256382,165.30561983138617
1982-02-20T12:00:00.0,245.9622958413234,239.04963820452141,236.49549061795594,231.9996774920905,230.5596893190365,229.49002228980146,223.8764041182153,225.20554056822456,223.93606083882872,220.81985535262186,220.16449566145042,213.44098574324707,212.99168350307974,210.82514524059357,210.1575177153891,205.78444582936297,203.37486014551953,195.9069388557151,184.4875482837803,186.68658739107556
1982-02-21T00:00:00.0,240.77352414728244,234.78298213458166,231.12230470290186,226.93809116392137,224.88667977161398,224.8830045171161,219.00829056538424,217.75169782375565,208.67025468926332,205.33698770085846,205.37572373533322,206.31115278927913,203.4176592759252,200.81469955113835,199.01075523317465,195.8212581823514,193.15761305829778,190.85161750335612,191.05844853152104,187.75757428710372
1982-02-21T12:00:00.0,226.9798179351376,221.4345366205673,219.55343660303586,217.64533574540113,214.5816537730508,210.556332541374,207.68165269601178,205.65065058740763,202.40159557144028,200.32010426222058,197.1730927566364,195.60108000905046,190.9530210148677,188.40921096155213,186.46049131665123,183.72838049880852,182.50674363286188,181.9445913713037,179.43779021513774,178.4268314564322
1982-02-22T00:00:00.0,240.39186714912643,222.949166018448,216.83269176174338,206.70499064791568,201.52320250839384,198.67897619246378,193.81611788941552,194.33274731164855,190.75366194693618,187.97655885168257,179.35676532723556,178.66719289596853,179.2772162809458,177.15689060102923,174.7900143565533,169.0114637954957,170.43677001645375,165.71331139058978,163.0073669973332,161.25702193054428
1982-02-22T12:00:00.0,276.6765813934672,272.0080249915185,267.24354158215283,218.69736924442975,216.8178296465937,210.9159787706636,199.14557572472012,187.28402060194918,184.91113017739434,181.2482432558827,175.54912871201498,173.32617671999665,170.80731297378716,168.47105017247617,165.13109421577593,164.55359853176014,161.5336817286575,159.47054613759497,157.27860578952306,155.5810166170871
1982-02-23T00:00:00.0,273.27760046617533,270.9412308303078,271.32128808968804,267.869491038813,267.08183626629085,264.75109310816015,261.1204371420944,227.3113691580048,260.383688681447,185.7317994566038,184.16664777149808,172.63605960344265,165.27328061310251,161.4131037141527,157.66543510050371,153.6644858854064,151.45646948343506,150.26050145046733,147.36405808950136,145.50363862174797
1982-02-23T12:00:00.0,264.7465268688011,262.695476204851,254.648161185554,255.40203107110534,251.35567022445574,250.27602735545244,250.20480528367167,244.13019553248455,240.96238113648954,236.39764611092755,230.59077956946498,238.47759448999727,231.84564421072037,231.31705271310355,228.14150600915505,217.99010464532864,177.6785373174791,162.19297437682437,152.4529098631447,150.5379286639812
1982-02-24T00:00:00.0,258.38445434193625,253.19483143350718,252.09112955914236,246.39230543824587,255.33694815640771,247.07783231743642,244.03188276379962,248.4680175055189,241.91411163072462,240.62564580499057,240.95879659518982,232.53164120175464,231.44240418293495,230.99838704301067,230.21775091792878,229.88456073994658,227.50642291347702,223.82149396958377,222.55418627320486,221.7391382282522
1982-02-24T12:00:00.0,252.66892242034368,255.89130820092979,250.1337981495149,249.86762497417564,245.1374692673454,232.2179503017738,225.98282586540708,228.8854686182522,240.70385835191706,225.38364054596585,217.78756536273784,217.65565337744928,220.95673308745583,218.97955612678055,217.13083217543974,211.25336981049625,211.1672123133886,210.29849654153446,210.20832244431182,206.07898345009977
1982-02-25T00:00:00.0,243.52384987831564,241.19886808154013,236.99858154941106,236.4959805582485,229.86685394049468,226.72782450233524,230.42428537062656,229.23453440564234,221.4743653933369,221.05298069698222,217.4903980045842,224.52698681795948,218.343967431188,217.7763716023511,211.44122133361844,210.15533945377865,202.19838281331556,210.02762159517923,205.19209956140338,235.48989965324475
1982-02-25T12:00:00.0,229.50911810166508,226.95055947746928,224.42002323801998,222.67790902829657,218.55810019915342,216.31389037811346,212.61087374131387,209.53386210134354,208.84411081225065,208.50287453312149,203.11640704959768,203.04417237010705,201.98883809011974,201.55322540143771,198.40487413416793,200.61739386739825,198.9378891969547,196.8294665154549,192.04597859120818,187.8100997691647
1982-02-26T00:00:00.0,228.54711952663126,236.45191403473024,231.95081167567193,227.2121243208106,230.74202275260944,209.4415477272855,202.77710010558386,201.17663730095768,198.04913433760575,196.36381724255602,194.3297478823067,193.45105583422676,191.7676696756372,191.8107840275357,185.99555595244792,184.9202882397535,184.02495168824296,181.7436356436673,178.7282124817599,176.42696706726437
1982-02-26T12:00:00.0,196.58336807203287,193.34402567160726,190.12063185538224,185.94783497511827,184.0514450752329,182.76461286625593,181.17989013287513,179.9584999408573,178.71694475405235,176.5158861298603,174.8121328367513,172.86433866564968,170.7122126742916,169.11687814650895,167.08175648314128,164.2234716826443,163.1682481741079,161.29074818456908,158.8211316063761,157.9937750344953
1982-02-27T00:00:00.0,179.41278445448341,177.6068506396716,173.64506707223168,170.83925411051945,167.5935904917739,165.643852373905,163.41390368679765,161.85366293667485,159.64033416214977,158.27697865041827,157.84850224746253,156.33325246754217,153.52857993993354,152.321876522063,150.39028620763162,149.72073211325386,148.44044889984724,148.21659896771337,146.40573167256457,145.8676081562867
1982-02-27T12:00:00.0,169.92412423323356,165.36750055268638,159.55922055597583,154.70090532675874,150.39967191678906,148.8377921061636,144.41887035828174,143.38317865768022,140.91148786452106,139.6376915335079,138.17176530467455,137.56143039564296,135.538676759708,134.84426001888352,133.0690047067841,132.04314609649273,130.8288481080263,130.04076934107178,128.53075403138976,127.72358422630377
1982-02-28T00:00:00.0,165.15536881018807,161.5497330373487,159.31612210212225,156.24405417134437,156.16028841744907,147.6071672327773,147.7383671678101,145.57011691627443,141.00858383881325,140.76613889879687,134.9010074512584,130.83238841248962,126.30841860046239,123.11410359459269,120.4933792315435,119.02150349700199,116.78531718064974,115.56056500781199,114.42882582158525,111.82448761261583
1982-02-28T12:00:00.0,169.70449766396342,166.12973537405387,156.08139787962756,150.64472835611588,149.61044846408637,144.73566982486338,143.77655051936063,139.49937819871488,137.84438910109463,137.05051572898597,134.4631381709494,131.0054402381637,127.3980665678495,126.4138129198468,126.73701138076676,124.51746555118574,123.45143351146058,120.4258265187737,123.26281700993583,118.03226567800434
1982-03-01T00:00:00.0,158.60446699820096,158.3448722679922,156.47130004536993,154.17885350995905,152.41215874547964,151.28116896882796,148.063640112204,146.29253251223184,149.34391358613823,148.24263531642566,146.27301263861165,132.89827823530916,129.28906245174272,126.83154577975147,123.98528789375517,121.49829294361689,118.95375670586645,117.20504173830108,114.6079854885265,112.7222957876568
