start_time,0.85,0.8657894736842106,0.881578947368421,0.8973684210526315,0.9131578947368421,0.9289473684210526,0.9447368421052631,0.9605263157894737,0.9763157894736842,0.9921052631578947,1.0078947368421052,1.0236842105263158,1.0394736842105263,1.055263157894737,1.0710526315789473,1.0868421052631578,1.1026315789473684,1.118421052631579,1.1342105263157893,1.15
1982-07-01T00:00:00.0,185.37830157515478,186.40305272889827,185.36818462150055,245.70376239963284,189.14520684578457,268.58642966056914,215.10344614651677,273.4447778597089,231.23746737732148,185.39295481072284,184.95523920216687,193.59260321391963,635.8324737611854,184.0320743369292,190.47319276074617,194.6339861083484,183.36029194451493,183.84506124760821,174.869451191853,174.34066748009735
1982-07-01T12:00:00.0,245.2349917281288,193.29752877861975,178.01401869573954,169.6043752000719,172.85947575115702,163.9078745044769,159.48006912779184,206.35219882024322,194.89662983201174,206.2210974292472,200.55195952564083,157.48800685949107,204.97552078441294,164.5325487909011,241.4878812384038,155.0518458658427,162.96842771100268,153.29020434726536,154.03114048599758,205.48481438586356
1982-07-02T00:00:00.0,245.0538492858481,249.41696717583935,244.78183464274457,246.52684593489687,254.11197364994848,239.0098828518898,223.5624053023919,264.88671586027914,225.5428991681608,358.1013875763861,357.4555371890729,355.7275997404847,199.76468232509845,195.97032970504438,202.54415433113002,202.67599169201407,203.37133192323665,146.86685613194004,144.19427751410538,155.21096591371773
1982-07-02T12:00:00.0,268.96562745873086,224.78250796174427,224.76595193604373,384.0024269599343,382.285017196959,376.13065697202404,267.83955090266716,268.7311116636573,224.7600032867495,227.84265839496814,223.12759931295992,221.79177613617492,220.67150062728692,359.1808868285767,367.8440705618714,366.63526320254715,368.29821329593295,368.67717493404604,367.11527619793424,205.36465356307008
1982-07-03T00:00:00.0,879.5102459163023,1373.5893662838544,1377.9625240243429,1363.2054548790572,855.7915118086063,695.9489455143771,987.3394704672751,713.6793734061763,707.6209846674539,998.8862446773355,691.5970050402086,697.6617824061722,1021.530439390174,1343.033061850438,244.7743327168773,245.3487433444099,244.80416176585484,244.16315090211975,243.1651634098145,242.9175067408593
1982-07-03T12:00:00.0,687.9962450237128,686.7662130585611,504.3067412033558,492.8287554945896,508.95697261031654,486.33020882510414,486.0232679034785,502.164381989516,487.3558919945245,509.60694424802,511.9053649840633,484.66225591164164,484.63627353865013,467.7529995281383,467.6194116776731,502.34920852362086,500.9987368586051,683.5074420959476,663.2535100633402,1337.438379831278
1982-07-04T00:00:00.0,656.4500465177686,654.4734781727692,653.9592481200531,653.4442682968461,651.5447754031376,647.9128290249839,647.6795597837784,647.6879474632168,1356.8912321118373,645.3005170273497,1271.013473174659,1275.107077816685,816.67420621967,1319.592693748221,475.07003362809655,474.6243524216596,473.7424549493862,476.7295521944224,475.87151609839003,816.539674521254
1982-07-04T12:00:00.0,1333.1483315765431,1334.9997316080235,1335.4097530375248,472.40577413745444,475.0721851199782,820.8044854594705,817.1586053810157,816.1646742169924,630.8681818064146,629.919110687997,687.5807768315515,687.9931625895541,522.6788452724604,686.5896926921624,524.3344241213779,666.5795046515949,628.5255266840413,627.3341595052959,799.9899603453908,468.30675890935703
1982-07-05T00:00:00.0,1783.5279784196446,1574.0154941227852,2056.679421888318,1883.109962395664,1883.0378051070377,2163.929764506313,2162.198653965511,2021.397600275336,2164.388639883775,2163.0833198610812,2164.8161522958817,2164.386573707686,2155.104370470138,1429.437282697502,2310.4437540061344,1762.2312379208345,1432.4506408503428,2117.8889953204393,1750.138127473261,1667.9053586614662
1982-07-05T12:00:00.0,2030.4493123322707,2023.4900394127087,2001.5836395860947,1997.0818444946894,1999.8340669686188,1869.3801723384734,1745.239387537398,1682.9152441176047,1436.883194566271,1732.2924241578814,1729.147215525344,1718.5547230821226,1709.2771070710446,1707.0319833316753,1704.7338877755096,1701.6740232729446,1702.3928347451954,1704.4731296526516,1703.4646474792949,1701.6051202092253
1982-07-06T00:00:00.0,2003.7776817404626,1975.535041877749,2000.0065688557188,2214.5083911359657,1419.6947481839045,2114.843353137305,1948.0467683285901,1886.7412637653044,1881.7961317499621,2119.2524581987714,2121.5035664186457,1809.534747850896,1627.0423175966396,1632.0830746248548,1625.8112635933844,1621.8933831373483,1454.4047874522628,1621.444624521888,1621.1020584821454,1785.3354461616507
1982-07-06T12:00:00.0,2125.62332495516,1940.4808258406852,1868.5831896655634,1972.7621050530583,1975.987613081784,1985.9781617358415,1826.0854996888365,1828.1017408903188,1831.5162159742374,1833.255476028067,1832.7670823076132,2100.763729695445,1954.3286221756243,2075.6683733228374,1861.2102739609593,1983.2028259203257,1940.3346601315832,1902.2217058804044,1726.2405755474902,1686.9841336655966
1982-07-07T00:00:00.0,1763.3156063325941,1605.6777197693934,1653.0131335027204,1158.322100893604,520.8477856126509,520.5443789232881,519.561116508437,693.4540630601156,682.8854120972735,517.6389886418863,517.3120415887524,517.1099552798037,518.8256180465951,517.482648971818,517.2544796330698,514.329251310546,1200.532520723976,1196.0591568894793,685.1646565443965,1151.1848004278304
1982-07-07T12:00:00.0,667.2753120534609,679.3715933999628,1193.724215438752,1183.1562150096195,1182.6861703608552,1203.7073044401222,1179.0336630360655,834.7740070411627,1207.6169852239216,498.40951971175457,497.9748943255789,495.8071774515303,494.9214383915765,495.0002196992297,494.0767183821861,493.87192625291397,493.5195874419583,493.3224930973173,493.2759766689823,492.49457369775587
1982-07-08T00:00:00.0,698.9235975098371,682.9641190282008,491.84382763971416,490.7152581546035,489.12665214575276,487.2108559433334,487.78867116971577,486.3065137555191,485.5129666971515,483.7348597290027,483.857864871958,664.2902396946577,476.7343826515818,478.2209628154454,475.9936832153494,1103.951871386445,473.947806643134,472.2683633436421,472.89660253233023,1160.1340952071955
1982-07-08T12:00:00.0,472.90115867746846,471.3777452818077,470.6424246493539,478.36018319746086,669.635790074139,697.0638574856895,485.7281488917149,461.21037023887374,464.404430630077,463.10984881083755,462.99063116491084,462.0943052289846,460.840175359174,459.5705618767651,459.1090638518453,633.7828913210736,633.4265629455531,633.0050728328692,629.1400805870605,453.3700694661467
1982-07-09T00:00:00.0,450.54314857143623,449.8349974458171,448.8193983714756,449.2220037475055,447.8564240360733,446.631683479143,445.321030360229,444.24985572829667,443.81374155140446,666.5556199475301,437.4313771789743,436.8573342743647,435.66777428193427,437.0499455640686,435.90446329747414,437.27687904804685,436.2934407047504,435.90964357883445,435.29805386049844,434.3024889138324
1982-07-09T12:00:00.0,431.99994028518796,434.8372310240348,442.8134740980389,233.72642636579724,254.18089416480282,253.4710253346256,405.09318631198175,230.4767778721095,249.01178524165584,253.64369615232812,256.2107259614062,228.0345129763934,229.61853940490832,213.43269946320987,211.96783648481565,246.7875744829585,391.930155145893,250.32153281132327,1077.9376344783238,1110.5819327618915
1982-07-10T00:00:00.0,399.8134538535738,399.07681883740264,397.3924647368072,397.2032103386932,395.58892527620264,392.0820020510934,391.6577810042459,391.12222419107906,390.35291813669346,389.36915501203566,1015.0068495821276,388.8261464413556,1018.6589200948708,386.92978605618185,384.68958866148523,248.6023343363512,234.98153923804213,216.4209440491943,216.53914942034922,235.10130399286524
1982-07-10T12:00:00.0,574.732463152006,1085.0400186668096,1068.577694513342,383.70629070870257,219.1629259952285,216.80861283020013,209.7838230021776,208.02961567298297,433.5307010464918,432.1778584966201,430.6196067696593,430.8736457091046,267.97363665661277,430.5434488034907,267.6025755470355,269.523775237841,410.18351333028295,371.1216996157,546.845534328207,543.522937453163
1982-07-11T00:00:00.0,1494.804155405321,1439.003491571051,364.2278972891321,1229.9258555059366,256.7785369330728,240.75498050556547,242.18712100453914,238.86957651871072,240.123418108594,238.04936017511665,409.62576498813235,410.611839611516,389.3427700026592,245.21366118468936,352.109865887733,351.99349131582227,351.00134142475775,524.5998602910493,525.371125626909,522.0913705766523
1982-07-11T12:00:00.0,365.6212403474877,359.0336796144195,347.2691681539523,341.18534041867827,340.3794201943349,338.8475737804454,338.8360895922462,337.5331662398644,347.9910015484147,346.9819640418397,347.16212876060075,346.33102735784587,333.59466075312093,332.6033546661356,332.43326350181354,331.16889004437735,326.6843856774342,326.83613040610527,327.6428720479552,326.8795723334023
1982-07-12T00:00:00.0,1752.729137973405,1746.8739242673632,1744.7300232728164,1755.5192944770333,1740.5308395099332,1733.9326396505667,1735.4540186096071,1607.9422978157306,1571.2389620956387,1571.7767982688451,1724.684647492413,1567.7299252593175,1567.4872411227216,1567.7265768406724,1705.547410769401,1705.5529062367568,1697.3304923543408,1712.5342888407658,1707.726095214887,1586.7847583697528
1982-07-12T12:00:00.0,1869.56417458456,1726.1488917384575,1462.167886536287,1446.4992508373048,1443.7842656772966,1435.0650852553663,1430.0640176155878,1418.3279650432753,1416.276745016688,1414.3066298705744,1414.5050174835537,1422.8173128773562,1412.5732720004546,1412.9625664132268,1409.3562780058596,1406.6306072120983,1408.8462834891743,1402.6258927550277,1403.1071224205216,1400.5897800032724
1982-07-13T00:00:00.0,1822.006769369289,1631.8745565936283,1628.3585861616025,1827.6817978009826,1825.3685344857051,1548.8263635245564,1462.0203571865147,1420.620603988532,1417.755452446688,1415.0709501718493,1411.5937217556932,1400.7958763049357,1397.5586927989207,1391.362687207949,1389.8309426255757,1388.4297205707342,1387.586113738558,1390.2600952061373,1382.1394452732272,1382.0500854594761
1982-07-13T12:00:00.0,1687.6035166500478,1818.509596951882,1687.9186624238794,1826.5156501332424,1827.2575432427125,1384.3904198010573,1384.2900601962665,1527.110111864308,1375.2736017117397,1519.659991109465,1411.164565468018,1680.9916526965571,1529.6611631490064,1641.3960628824923,1800.2125856701346,1635.4723739592512,1886.7310784474864,1332.2761092126186,1748.9434340591538,1079.6495151569327
1982-07-14T00:00:00.0,1661.3793075896858,1315.5562111872223,1660.3659093182368,1670.6033718420397,1498.9825095416095,1659.240418407158,1377.9611729039232,1522.6178928924971,1327.8809002256708,1486.0483742975011,1381.4041411093895,1341.9094415661655,1299.597899249254,1473.3714449939303,639.5600765349807,659.3379391736732,657.9116183319587,1619.034198060783,1781.1749164649827,1501.632609274739
1982-07-14T12:00:00.0,493.4745631639476,1090.215813509866,1285.590477576026,1275.0535630875997,637.8820785018287,636.5315686849993,634.3864524705125,640.3043262570003,632.7114508018665,626.5416220942329,627.4771879701906,618.4577997465624,618.6068582457037,616.7345526666863,507.23059153755884,615.2405395495724,613.0344651973802,612.2802899607369,610.109327587506,609.8966273922041
1982-07-15T00:00:00.0,194.99242225232973,193.8669802622524,192.06992983510824,191.9770362093323,191.8299648572257,189.9094481424988,189.14613436733683,188.13495404677846,187.81350163056877,187.21524056793538,359.9110195130475,180.73526197563172,181.7078340327531,180.94805819817603,180.06053567911823,181.25250062834704,180.33794740024834,179.30687152775948,179.13520256848358,178.24723593285702
1982-07-15T12:00:00.0,1261.412291823104,1270.7207904830277,1246.6217451610462,1246.391959578664,753.9831163762364,1125.8181973370622,1125.4454959537425,1122.9574488873639,649.5719833449114,183.49526069541307,176.99104153002133,175.7290842458854,163.59829898905764,162.04831756568447,160.64760636478246,160.66751250536313,159.58346033256484,158.9281761256613,159.04458213387235,157.74464366203767
1982-07-16T00:00:00.0,561.6946847001809,559.3883304111909,573.0635193300618,575.8513131937492,576.5865554009391,572.8043428940456,551.5894432919304,550.3703720283197,566.2035632686913,1842.846653427187,1534.4533393503805,1256.425151251489,554.0855247624195,560.9203226118411,560.6895529318699,995.1289429654944,558.8100788450934,557.9693664402112,580.4955278673564,1707.516956577979
1982-07-16T12:00:00.0,507.14624520507886,521.445745156264,539.5595184299265,557.4985858427333,961.7447262119874,510.032958618531,509.5133856468914,465.9403939783774,465.7501857659695,528.3083427541957,501.1448141361289,959.8983068180697,518.4214652091041,499.4837696137629,479.34289300054,459.6051539202536,912.3952047001574,458.9430332451279,419.6568379117807,419.229652683369
1982-07-17T00:00:00.0,1241.755901424921,1205.8725053059861,1469.4377572987548,1541.3031350958493,1649.8270198951539,1530.2533466535926,1378.111831342924,1181.8454705522527,926.9142717213813,931.8616896641815,934.837530847064,930.8646082509179,938.6985663609083,1222.93744589114,920.4249189140174,1216.9456680629532,1214.4591983579382,1213.1620930681834,916.3067523358766,915.1777626352907
1982-07-17T12:00:00.0,1517.3751090746946,1646.2658682710273,1511.1382110430627,1631.2029256632243,1526.6212183694402,1362.244426212813,1356.672643835018,1347.9804030450591,1358.4121839576123,1370.2893208781152,1470.7084557324747,1332.9947024917778,1630.4889625079995,1229.574848845238,1213.788823202162,896.8972121655639,899.0990967567021,897.3251129949997,1582.0441845479813,1493.9831271152539
1982-07-18T00:00:00.0,1475.8638114179573,1496.3289311383942,1489.6099769450248,1494.9781513613598,1359.0963636108786,1500.7257752008984,1655.793291579735,1608.424348700067,1312.9145997607457,1315.4036703958186,1449.508327434352,1311.7461888113,1447.2079828748235,1311.509929754645,1604.8064113845019,1756.176730384968,1209.1674608092292,1207.2050659672805,1205.664071143023,1247.7349215961276
1982-07-18T12:00:00.0,1325.8878570354102,1346.6507831448023,1466.7273131046404,1466.6286753010581,1476.6030996415725,1315.122413314533,1469.6977438679335,1468.4863845577243,1305.1647470009007,1304.6246928348717,1294.545430538647,1304.437940992279,1322.6573416068327,1322.2594207854124,1316.1109054472083,1280.4616193383113,1430.6071750895615,1473.7874577156663,1430.591931858817,1262.035212809119
1982-07-19T00:00:00.0,1436.626048283622,1435.7594412114047,1423.9934744717548,1441.0912353752183,1418.5922620705985,1709.8394224625436,1529.7409709535793,1655.0806075542832,1300.6708873852726,1135.6285743002818,1298.1264178061576,1297.7583639179127,1297.2646277668846,1444.4017018748268,1611.5774111857759,1296.0755721803648,1295.4329600660608,1293.3645019592964,1291.6827157284677,1288.1900250301308
1982-07-19T12:00:00.0,1685.2859898507734,1688.0366707095557,1685.623008095638,1646.6607116911664,1445.0757005304881,1443.158019259953,1381.1477734171435,1441.5482856986046,1438.1801672479507,1434.9116213361076,1381.3740479203873,1379.416587302829,1424.6555330271487,1494.7626169670737,1625.9650120178917,1495.0487758294457,1630.7537509328472,1432.0746214845124,1431.2077688395757,1485.9457563278345
1982-07-20T00:00:00.0,1664.2413382632253,1663.6497300586427,1675.0724222843205,1488.45024767348,1666.9185858311698,1663.717201574008,1481.9843281548137,1481.9298029936958,1076.2108281173344,1615.7307591109984,1638.8144754202253,1504.231047492515,1592.010534206287,1028.3516552984554,1027.9099738482485,1471.8771611713978,1464.8551024513729,1474.156634418404,1474.9716265870234,1464.5556625786903
1982-07-20T12:00:00.0,782.2991741752152,787.4733754493957,1199.3935683015438,1312.8061562289954,1311.0765388184104,1229.5807172884656,986.7550642050443,397.5101455166437,825.1695158212772,985.1968941715775,389.76781325395353,387.48738512708917,382.591172512502,379.03064792300324,251.20663144649538,382.59777294863625,381.0043969946326,371.05243442054586,368.09524166470834,359.0700817400741
1982-07-21T00:00:00.0,766.8196808346954,1047.6873598068155,1475.5961912687956,760.2626200131965,757.9522189600004,757.1766915165358,747.9997565055502,756.337111679314,255.7034103731299,750.8530955746573,748.8698957720835,258.62374552856824,256.99316641283247,759.8331229250028,757.4317481771494,757.595557973857,230.03250761338614,769.2455973455424,771.9621973047274,1012.3962528212364
1982-07-21T12:00:00.0,1046.9857391338062,1032.7736499784019,1032.5467045515895,1021.414263815363,1031.8151975712026,1046.1732087748467,1052.674805898055,1044.4183148682444,1047.2055339753,1043.8555059119342,1042.5169082540483,1338.5478122362958,1012.2934322870873,1021.6122458663592,1007.0406727675705,1016.3503517670562,1016.0062084109846,1014.3674474189303,1013.6468975916757,1005.209702637802
1982-07-22T00:00:00.0,318.48646184473296,995.0879400124707,318.7970512523569,1440.0670280063387,1008.2343651445123,1443.5726707391827,1552.5873757007319,1435.1811510378948,1433.4807946672572,1452.90906382023,1451.1743922090304,1027.5950331613142,989.7902403741533,975.7764954293298,977.3536322606263,1546.9665787371678,1018.0206605543195,1006.2635991610188,1004.8443441969464,1003.7659538777234
1982-07-22T12:00:00.0,308.49343679218316,275.45142008409476,288.3737610012169,274.0803682628502,1181.3936028187932,1179.0433249020139,264.8701121281263,1277.0878060912787,276.952717912338,279.46518320251596,279.668008175817,704.3877256124149,292.9920697590573,702.3306855276059,279.99233039350906,275.17162970392366,271.77923434621226,695.2076786338372,663.3876919413067,240.29394376008509
1982-07-23T00:00:00.0,1426.1934001124305,1516.4919617916842,1516.473927905597,1400.805130902482,1385.161910306323,1863.5095663139837,1664.6235332875533,1397.5031965526207,1410.6592704342672,1391.753966933261,1381.8421750478021,1512.6124416004327,1716.675990251332,1277.0375379142138,277.588769673046,1584.4303760751657,253.14390364868186,764.3758037966918,252.8890087803278,252.08271977785722
1982-07-23T12:00:00.0,1244.665165882119,1243.1012286183834,1511.688359341925,1482.3407284923542,1475.5607146366888,674.3396478842326,250.82864742674926,1473.1125778963694,976.298036585607,1376.362025828273,1358.1331736353616,1353.4314890484843,1389.7095478745819,1393.2339807864935,1376.4240760107014,1343.3451461334046,235.31553675924314,1388.0743063304374,1387.549528909368,1395.819780320992
1982-07-24T00:00:00.0,1475.2359219049067,1217.7494004414636,1206.862883683467,1354.7191314788101,952.8061664212424,952.4495747648216,951.1958518858852,947.7734655699728,947.4721651095435,933.1048216907507,928.1553652234873,928.677738319926,930.1230729911438,927.1964939400061,923.3669205728114,926.1927645067899,875.6987175030133,620.1385983954635,886.5863790122881,1438.3804731068424
1982-07-24T12:00:00.0,1214.726088546816,1214.5242834549044,1434.054531263373,1309.2397365343843,1327.7344041229976,1099.1055095085142,1450.431807148464,1334.1188564373915,1214.4671658506627,1332.1644885813885,930.6636752590964,919.4290276271955,915.3422678602864,912.2642902500894,900.4303423482964,909.5170990408865,902.0342122484012,899.4276503748702,897.3186984293636,897.093521896052
1982-07-25T00:00:00.0,1433.2100437617369,1314.0120438494005,1192.3583615404548,1430.706525937402,1430.2377426227563,1429.4771131646974,1202.9548608873338,1430.5939813581342,1148.398167727036,1149.0663473002326,1073.7080858708075,1066.2387181518063,1064.7597345451427,1068.5643336221613,1063.4129249426312,1420.7279701209359,1419.8043076982499,1311.8626642210252,907.6732939244187,1311.8809431833558
1982-07-25T12:00:00.0,1397.738095679547,1235.875508664002,1154.4073573808073,1391.141462495987,1370.8719883429858,1373.7982904898383,1423.946736334756,1424.442665750891,1423.9970398557641,1423.0256528429034,1422.0080109355858,1422.1705068708127,1164.2552165197797,1420.2175369895033,1340.162677459132,1170.4853571427784,1328.3748286819225,1418.6750233862745,1418.0238860159811,1417.3459400752686
1982-07-26T00:00:00.0,840.5162757503181,858.6474875191399,827.3550532454356,1293.324248648703,1419.2908486114188,1303.6255766106963,1307.3946319287195,1403.009377274514,1402.26858242334,1388.0531579743447,1791.377753396527,1400.9172655747816,1367.6359549980614,1399.9453175283622,1243.7679354675254,1236.6696195489726,1281.6430259265212,1343.4223093219475,1362.939449508199,1366.17135746511
1982-07-26T12:00:00.0,818.2540887872851,1134.091503793014,785.1303364689668,1133.6057501394937,804.3867031504626,973.6628637769164,590.834418974046,590.3084954995207,972.1578597378112,782.1575624258523,784.6342832067244,768.1335215433178,785.5901308388568,1208.7191997144087,1086.2169842077176,1225.510837647619,1230.1362332362223,1092.2520265726116,1112.8528577116595,1121.601029541516
1982-07-27T00:00:00.0,1222.9182539542057,1227.486481417335,766.7242341316105,705.4021502000232,1222.3473846565425,715.511859160063,714.1712825329723,713.5732684409849,475.2883959057155,475.3270776822403,1204.5950114993661,1352.561470369407,816.7024595333196,814.6702485336398,812.0653844899173,793.7104463478169,493.31328901076023,789.5066354548827,789.4223984918332,710.6168295058476
1982-07-27T12:00:00.0,1108.2660044916481,842.7567108846137,492.98037924900206,486.7633611386037,492.73927942833615,495.8452482764654,727.9634160234241,727.6591240158515,878.8142976005926,497.7835081812746,502.18855967188534,500.0010245190034,484.8983410730275,757.7131842390099,495.800674500619,484.2074489530767,724.4240341417445,731.6193592510854,876.4533594381636,840.5497428765224
1982-07-28T00:00:00.0,1302.874157332114,1301.5949332171467,1067.0146722689572,783.4379898646202,780.5442659509221,784.1071266151848,779.2764806548739,779.0620187090724,774.4232180202916,762.477998008201,759.3516236386909,755.4139450720975,754.5074274153893,757.5760396191558,755.6327494915986,750.3349883817065,753.5822049750464,749.083623982262,747.2792400569768,743.7869002878004
1982-07-28T12:00:00.0,1043.7298351951633,1044.3683688622843,1044.7917217665677,1140.5270915204087,977.5056589762232,929.6002776733266,928.3347837816772,1043.7812300729136,1043.7983320457515,1163.3570148924712,750.7462136260447,747.2260189085393,743.6509852883026,740.8295773434303,739.0350575533469,729.1433503901733,738.9238802477345,728.9133652954837,727.8609866572085,725.6445923371756
1982-07-29T00:00:00.0,1283.0522774242484,1291.1891946859614,1130.3399712091216,1128.3671238527184,1127.9642903751287,663.0511906971681,1268.9281799513203,463.8727801085376,1289.5906751980992,459.6100928803306,1245.4997588022168,1250.1895063370694,1220.7152532053678,1031.5714390149828,629.5003185951603,1118.9305665579013,812.5150285466143,817.2240918018703,812.0836708360558,811.4480273142761
1982-07-29T12:00:00.0,1247.8714698820072,1247.2590348626795,1248.0822632060838,1246.3669118069624,424.2179264962343,414.29940124137045,669.3299516675,1236.7524983116543,403.010419939505,434.0419332837812,403.479120660017,859.8277179869597,859.2926860639765,426.2592221507186,1237.1353365202401,1236.7212956007952,1236.119110693454,1234.9354956108505,1228.8330466418722,1229.839005895511
1982-07-30T00:00:00.0,1240.2887127075865,1199.4621676040426,1087.7483270744458,1202.8054314472822,1198.0907370943785,1191.7247723388841,1193.8496334549463,1108.7152575471737,1189.2518638043603,1215.7341395035116,1229.2934944976696,1209.567708036401,1051.7839844487926,1198.1598918249244,1048.680382395862,995.6752945865396,1182.7750783532651,1050.6072343824394,1041.547050233821,994.6048869886075
1982-07-30T12:00:00.0,1215.1242942627553,1033.6241457218139,1193.0049486346406,1161.1322248228682,1112.5491467830814,1114.570989272357,1112.3186478187492,1114.8235259782834,1257.9810510711686,1503.5520623582918,1261.7592806907958,1498.8149249982291,954.1889182517599,982.297337264646,977.9809345863033,955.825882010464,951.5229668396553,1076.844709760791,972.6581644785475,750.6680972702536
1982-07-31T00:00:00.0,1253.5172637946903,1251.0948837979954,1191.436298050803,822.8021709295425,1190.2003980132124,944.6569068625718,946.8705914575778,937.8049905369488,944.2699369882206,1187.0340911372357,1186.1418197072803,1185.7591210525045,936.5163043830761,1185.45721386066,1184.4275928986626,1183.8664101687411,1056.161264043171,1051.239797195361,1052.5677825823761,1056.2992776496023
1982-07-31T12:00:00.0,989.9042041377188,1132.3667324194432,1075.2252462405847,1162.454869317508,1077.2434014136618,1118.491478510616,900.4307863429267,1030.8985740517585,1167.4632069107013,1167.12503524631,1166.5434527165428,1222.5421474472894,1165.7807062561537,910.1584594739311,1164.013620971668,1163.604211686674,914.3902759211537,913.9550461831831,1162.0568455612822,1161.1129010793893
1982-08-01T00:00:00.0,1135.4813088563094,1061.1689724513624,1024.0745556071788,1037.3462936177423,1163.1762592945358,1033.223417320427,1088.2238430582795,1165.8194831072635,1164.7837490014654,1055.3272133020887,1011.0237962659129,1068.3645671116233,1819.5679569009549,1090.67741713503,1143.2714611804752,1108.8144547792797,1108.5383089525856,1086.9890950313306,888.4078408638726,1024.762002309384
1982-08-01T12:00:00.0,1129.285405498831,1128.5708900659233,1209.3549329888788,1208.2948153211248,1605.5131577568563,1149.5526182670665,578.0421019321407,1017.7476868678176,1026.0607590013667,580.9437369248363,1124.7181917352682,969.1233485638738,966.853513430395,970.5931248028567,1007.0382886532465,966.1623541349164,969.1119156030101,1034.976602816788,575.0137108312069,1179.7910363481847
1982-08-02T00:00:00.0,1588.6225038598068,1588.204201107691,1183.0975648904434,1182.8786359682288,1461.2440522702784,1080.604892154905,1180.1228395735075,1182.3220905127782,1144.9768159946973,1150.7393293093128,1384.2663817669693,1184.6201694589631,1066.1035141906343,1063.0150932250087,1045.1691404272774,1181.2530942088085,1186.893712926082,1100.676251606158,1067.403282543167,1068.0527412810125
1982-08-02T12:00:00.0,817.4860195961567,1766.2448520023709,1780.8655025776209,1012.329907787669,1081.6178163873917,1107.42719841143,1033.7354627525847,947.6851834770383,909.8465793578345,587.0355243910458,586.1980788528874,548.3151003902714,959.6317318827063,536.5894525125758,534.0908113023048,924.129005016569,673.2892136713266,675.5087415180765,529.0972140129776,526.9336555453885
1982-08-03T00:00:00.0,546.2517078567469,534.9578339794735,532.7055025753023,552.544154774151,566.2738467884913,539.9159042222326,539.6388082580108,532.1405141975376,528.2763513083942,529.2841366885774,975.8970813473168,514.2475888602389,510.01268915827785,507.2788448291146,504.4234504032476,502.9955560500903,502.18834264905234,500.09734736484825,497.69647655775964,497.29613603190063
1982-08-03T12:00:00.0,1044.417677869052,1044.598829160818,931.3799333971646,931.3615618081259,443.52652395972956,630.7221635515413,631.8149637117197,859.877736156072,859.4875012926601,1034.3934586380933,784.0430128980479,594.9887578810766,781.4454512654856,782.3104779174666,780.5507676669934,784.912877315843,780.9646935469839,439.6200055027963,437.2430977853044,759.8604264400313
1982-08-04T00:00:00.0,770.5528147088911,909.433233446557,873.692326701729,884.4920864428235,883.8513792203925,886.7753638845409,524.6826374541581,612.0270042697573,601.1519136870727,590.4029222781477,764.7591794629735,884.3930986356307,471.5837852734976,467.5163645875572,462.7250496010019,767.9699229686651,613.1300656451816,613.1823129422519,611.4559212485129,610.9223500090989
1982-08-04T12:00:00.0,887.9926975465426,847.0503491791758,751.0823789644321,887.2063295623589,875.5466251956535,578.6917273006261,579.0735156333797,580.009172286279,569.2256903529108,579.3411376080951,741.5431015702512,564.7174260402314,873.6201735562948,566.1089137700222,555.5769900914122,1009.2594335199917,533.7211572517498,854.3592329569802,535.1326866796613,719.2578112659655
1982-08-05T00:00:00.0,976.8329007788612,976.401474987979,953.2975203236497,1190.2412032666764,964.5765510780212,985.1787776432157,952.2851776855325,982.7837559024853,976.450048981387,975.9001708577127,1256.0127710659046,946.478936875275,937.313264384723,1351.3540032726985,960.0163012631914,959.9966584723438,954.7183313158629,908.2137074203,1177.6597101320503,924.2109031647443
1982-08-05T12:00:00.0,955.2687019021979,1150.8022832403858,1034.0168781853554,1244.2782102956005,959.9213163052157,1050.3771364247505,956.5405143073988,852.1894455484126,953.608819370415,859.562062933711,953.9158750351967,876.2358551059305,795.8408538739988,797.7122842688115,795.2128326057405,836.417360817977,795.1631205856239,798.6775376883562,960.5098693450958,978.3875613309315
1982-08-06T00:00:00.0,1673.5366138881714,1331.0601857775987,1330.7284277932572,1361.4035540981606,1765.1040301905368,1223.6350611788978,1222.2684261835375,937.2178252579174,1672.050031832902,439.5016167479224,1337.3527810397486,1432.4328259544466,1671.836005472177,1670.573988457217,1670.3794676947382,1668.344362387328,1667.8645912351371,1666.9106878883995,1224.4196565050452,1218.9567062245321
1982-08-06T12:00:00.0,1743.3971656696144,1741.070542169909,1740.4906757397118,1652.8703787506215,1650.2275869406171,1198.8064776143935,1196.832633211433,1643.5042586881352,1641.435152810322,1199.5790069313082,1641.2735766341498,1198.728734244075,1198.9254616157266,1197.0496852877338,1195.3128026063587,1636.4650585133495,1194.7298223378505,1192.9434825939243,1192.1720769739932,1192.1400281005745
1982-08-07T00:00:00.0,1294.2825031591578,1289.4561466037853,395.9943601483362,1291.5003345526966,395.31237592246055,394.11506695650274,869.6728377849158,1279.480148663192,1534.745091943304,375.0050520530573,892.8533014223264,1171.1746688435226,1169.6561889826064,892.1707557425539,838.2605557477301,837.5941349332335,1796.9130653039406,889.5766285380524,1747.9789285979748,1727.7972163606626
1982-08-07T12:00:00.0,952.3059380771595,950.8704879058771,948.330500063883,947.4857660142717,952.6981481776215,1356.741705073036,948.5022019360779,954.6298322366042,1358.7568461046299,1265.7348545723307,324.5611194299237,1271.725588669749,1273.5903922626665,1278.4497106549923,1261.916265448539,1260.6512770122968,1263.6128459251338,1111.647953315279,303.47989318875875,1584.3724440663477
1982-08-08T00:00:00.0,1136.457946571157,900.6365681286579,824.6671866228726,877.1120026203303,926.4449032855764,824.1986915883883,927.7027849379223,933.5387387466038,829.9533673407835,813.1724453462796,1190.1502814904077,809.6217811144784,288.8568551169321,812.2261739879783,846.2142266820213,845.2337744923257,1276.9202422225924,1209.939134551975,708.216643364589,387.9378976851223
1982-08-08T12:00:00.0,1515.2384459223556,560.3925470145545,546.6541233279852,746.6853255966003,757.7586022200289,713.4629006772601,712.2770796418494,654.7112529089394,780.1461626132158,332.7428439845904,331.72408175093017,290.3096348049448,712.0285430896758,671.0186525783138,281.52655760876047,692.2830750999269,281.0239998094391,281.519047998436,419.05226479215895,266.48972110417384
1982-08-09T00:00:00.0,278.55010636528345,309.3542551822109,274.6169607043555,273.8876998264555,273.71056740176124,406.959534961462,262.8349062494062,276.15124402867895,272.4368130155203,273.0861772097678,719.8558039698735,258.4211240688005,254.06836471902943,251.2228172916073,248.18709185518784,247.6674757515553,245.82171882127545,244.36696468182177,241.66551955524633,240.4041636489257
1982-08-09T12:00:00.0,633.9971655599082,674.7009418559986,530.4217868012455,539.8529599819419,367.4239532963441,648.3581904766459,247.17553004236527,244.6646675607298,231.04669248760126,382.2194560442502,245.30135206248178,241.64748316581844,238.448672556718,238.1771242481466,222.25605695191166,219.68410757780615,217.3312529061808,216.85236077139018,214.93641065055857,207.35875172806615
1982-08-10T00:00:00.0,653.5418823602149,634.2141622275279,513.876538010944,514.9967285532812,514.2909922015741,487.9155258831004,610.5959969470258,353.6193908064288,345.20960270330244,239.90146519769146,506.9751731384369,358.3547029046886,215.39925470227027,210.1748810476285,202.2512236810891,199.6140723414971,198.05884282265285,196.5391705151145,207.48877084624436,204.8576752999222
1982-08-10T12:00:00.0,742.6816766788216,753.7134962249285,743.6849200936166,728.6023859527814,726.9398598541479,727.1155707593895,726.5467346158833,725.5112373553571,724.3801946090091,725.3691303774415,723.9334795285536,722.3568166560227,721.267816653577,720.4894837778284,720.419541126195,719.4933168106677,718.0217874108305,694.8729758331671,690.8393604038815,232.0303326130665
1982-08-11T00:00:00.0,684.2889524749781,639.831632247831,664.3498609162192,674.4419822502671,663.5063344592623,672.5201027760102,672.577316450827,543.3407455284355,549.0727783388334,539.4988242398135,561.0468777440467,1002.2463488044515,999.8588710263333,999.5096745115255,998.6778554611674,996.6246839953528,996.9498361684235,624.1462748425951,995.7727204643916,994.5300759799279
1982-08-11T12:00:00.0,1348.6718174283865,1196.9274134768668,1310.898227420699,1306.8180737400696,1295.579333500324,1293.845103566298,1291.4261165587138,1293.018521723391,1290.1479172283935,1286.4325283777289,1279.927813220669,1265.9492855829337,1263.4911962972853,1262.5688843423668,1282.4189270229117,1263.8747121469066,1262.2554293347278,1263.2626854921275,1262.10470874946,1262.0441822170092
1982-08-12T00:00:00.0,1285.3239437337784,1321.340293335223,1282.0360735699085,1277.9633970218147,1275.4460937640858,1273.9044846317765,1282.092102787018,1285.3891735163982,1287.2486345612124,1277.0715387408382,1278.1249615315,1284.8307281082966,1272.4961705117337,1271.9575500890583,1268.4969800059673,1254.9430365118283,1241.3146371916303,1241.7711783593481,1241.4561591342301,1241.3865303427986
1982-08-12T12:00:00.0,680.3896401183857,1256.1615330683385,1250.8471264431932,1249.7617973840115,1250.793014151343,1247.4964822503694,1239.0700507031897,1238.0160591711067,1235.0238114536703,1223.3789655462585,1223.9131212042678,1221.123238397453,1235.3979141368754,1235.49346927126,1216.0185695293835,1221.0490911047157,1220.6921930417561,1233.2589856807338,1234.5015533807662,1218.2589672072227
1982-08-13T00:00:00.0,650.0356669815291,1278.374450940803,1246.808970241097,653.8799682709422,1244.3352231844467,652.8814412147823,1238.6678228041103,1235.2933136054885,1223.0699543973678,1223.2090671034773,1221.6077853311383,1230.4031941143169,1219.8760732413884,1212.8175034459878,1203.7724711454728,1218.9758945333845,1213.6301170262905,1197.904683376687,1199.910706228892,1198.4314043437084
1982-08-13T12:00:00.0,826.162727057589,1226.2034675953425,1267.0111579135983,1228.460633519765,1216.4220101326823,1214.9055702132666,611.2155337129833,1213.3574779409967,1015.3012807588187,1213.2119831038372,1222.3277911302705,621.5639082681087,1205.9230543600534,1213.8727235184738,1209.876111381127,1209.67666411618,1207.8072023878697,1205.3928906218848,613.7650745593223,1196.7354511150431
1982-08-14T00:00:00.0,612.3464973130715,797.9877063487643,797.6846894895509,796.4515231068624,1002.321197535764,1211.3309927551502,1207.029785277373,876.835493605047,968.246901434265,1081.080733517855,577.1448102860726,602.8950970043078,1188.8708663475795,1184.144777202249,613.898476897887,592.1382279759513,539.3442267174008,750.9623717640366,751.1422428063285,1184.5321891023532
1982-08-14T12:00:00.0,772.9804739801335,1249.853894138187,775.0499858948883,776.6006656083832,776.1573976103474,1416.3012522194683,768.7341673954629,767.0899896675893,767.2163396986554,765.7480757914575,766.2760845475998,502.1748260635559,651.5221469857012,1133.7456721198384,1139.6363659458268,588.1566251758212,592.2987554948351,1232.1679637933516,591.0385900065984,594.1763782007591
1982-08-15T00:00:00.0,543.046467108265,865.9108253166548,547.0196496784862,480.43348084758134,465.98407223927836,473.15756720081947,915.920382944912,749.9996519055867,1856.983917562124,547.9607688026649,546.8553504853322,454.72486004334485,317.37378797446183,564.1317996573309,562.3643576825749,389.3793937499857,392.26919202079364,389.60410462768704,389.30529679745956,391.2520042023635
1982-08-15T12:00:00.0,515.7770297150222,515.0340851140106,514.6758216158521,811.2027810045864,809.7941956238828,809.0862193820091,808.3482374190378,812.1974803760925,809.6042679996143,811.6680214929962,811.3935902077268,810.0580694176765,809.0584286277514,803.0471594134203,804.5760451145421,506.29436812518935,773.2316001882222,808.0770334204962,510.8360071656268,740.4045015463472
1982-08-16T00:00:00.0,486.83223574974727,494.6718948683684,790.7670942571832,786.5666342294203,788.5744290774442,491.9996978041722,492.06596748515665,492.0678547943358,484.850107595229,790.4240534568112,482.35519552050596,787.7322531080117,786.0900429439065,783.8711852994675,790.775046132285,783.4881334445054,786.9235591598739,787.7142226936055,785.2717588392896,782.952580197564
1982-08-16T12:00:00.0,772.891838411384,505.3275183627843,772.3851030093573,771.8959126332328,770.3252731917134,767.576250075024,765.9008868882157,769.0062220306868,767.927528851767,766.6838220696942,459.1889151986299,459.74656781675856,762.9682652874795,459.84938798880756,761.5155358016297,760.7673439066692,761.8420535916393,766.2082713046274,447.0921504099411,760.9265478060787
1982-08-17T00:00:00.0,472.5825280286076,443.6946867537094,440.5033402169741,748.8416674196224,1293.4768718788291,754.041245475496,753.59706464939,441.3959261211799,747.9834242147158,748.5980947275605,748.2025181026432,746.1993178355199,746.0669567882608,743.2225943853707,742.667689213222,856.92344681011,876.1372503130051,863.8517767822751,856.5492386769781,743.1910444512766
1982-08-17T12:00:00.0,1357.421172846767,1039.851806202984,864.6035862562546,1181.6606051198362,1179.1457208391219,729.5545250224261,985.1445637018071,727.680653841009,726.4407592533123,1185.971621208532,427.53433596548473,427.3142352026118,427.6609210668968,427.3520798946391,447.85222568027825,445.6757600186857,446.6961876850447,447.30188999208366,417.0849202143226,448.49507392451557
1982-08-18T00:00:00.0,1071.239696407127,1067.9235233844613,1066.5384240647763,1033.126427384749,1018.0935991328007,1016.4879992114285,1014.1125455203581,1016.9281083177696,1012.6130500802178,1009.116178493881,1007.8356550369385,1007.2055698749232,1000.8165041969248,1012.6712583678576,986.6809119559108,988.227307165127,987.2684770304919,987.3468085412673,985.1142549092813,984.2730508304194
1982-08-18T12:00:00.0,1055.196822719303,1043.8415633499294,1009.6205534550064,1049.359685192173,1038.5939716593953,1056.7908872637395,1034.3134278337507,1084.8100096108533,1002.0091576690937,1013.3141782429714,1000.2513025270102,996.0519141939022,997.44265945156,994.5787810417993,991.2187908674472,964.768262674027,964.1571753546339,964.4889933427468,964.0461718710951,968.0002276550778
1982-08-19T00:00:00.0,1020.9627229356628,1017.2649025529262,1018.9143709660281,1023.0719525745428,1023.8314068639519,986.7992522604466,985.3741294713698,1019.2266958283085,985.2112770390717,1005.2490157047645,981.1913775277317,979.0642337308559,980.0367941555585,977.8722274150625,974.6403155443962,976.170531971711,975.0864919884574,981.9356885798865,980.3902051561132,963.4241052880865
1982-08-19T12:00:00.0,1372.6913224873597,1293.9994939349363,1057.6890299636002,753.6499418229748,1024.2290140990635,1029.1284788930611,1048.0961691150112,1045.442143896973,752.5390292093131,1269.5210495721885,750.1629894611951,751.3591468856212,1264.276312002557,1268.1422247669705,1071.1225326075175,970.1360209998925,994.8556627781786,967.5975833672385,1022.382245169899,991.3365545216394
1982-08-20T00:00:00.0,733.9057067613659,949.7904724432105,999.3246313710471,971.9168008481142,978.4893358764692,730.1031240250115,731.4461696477827,730.3141223315747,731.5048872472486,730.5970835597785,730.4979630557108,729.069784817791,756.5470643148924,913.9875045430947,929.3229293410164,902.9348808196278,900.3823534054158,901.761276954654,1245.336528478106,1241.3717643628677
1982-08-20T12:00:00.0,952.9618583164829,959.08614280146,957.9444675896078,924.9299870455183,1347.4015116518049,710.0426393814299,1600.7903245950977,711.7476817672135,709.371104613951,914.5648825690728,716.8195464633411,715.9796156500187,912.114202823962,707.9929323313451,700.956080723311,712.2691143526595,707.3337471562332,712.1741355846468,712.100811400057,706.4686018058882
1982-08-21T00:00:00.0,1031.6948644326094,579.8886384513528,580.4377435015474,577.6954735271811,577.7150257354032,903.7800652674874,899.9839008531696,575.4520630649986,579.9125704086517,580.4295207590187,577.5376837816551,575.6092790664532,573.5635727896138,572.5126543506427,571.6972310773904,568.9715602325792,572.1558221924674,573.865869800841,569.0608487025098,573.3038509280125
1982-08-21T12:00:00.0,755.6765013741522,1883.5179574922265,1881.1360139899184,1876.6876543984956,1733.721268744557,1604.405303400877,1601.8520022181888,1729.2269896258208,1729.4671619620879,1863.8971295214847,1861.7268749383445,1230.7348919254018,752.1063467068343,1712.7810888915837,1733.156126899589,1712.7465030873952,1710.186517275375,1695.8414236477895,751.8617672294067,1716.8300225357966
1982-08-22T00:00:00.0,1218.7760944478591,738.4405823804509,738.399049496765,735.9412316069861,731.1594091805152,1725.287195469138,1720.4314183079405,1630.3826568958266,1467.8645890806079,1630.1285113614065,1466.0043493097473,989.1676845616355,986.774658564007,981.612684596686,981.2660217997334,979.7896731019621,984.8368420057138,984.2010178672738,983.934850321428,982.7138864974665
1982-08-22T12:00:00.0,1524.308382380106,1523.8180504100874,1522.1339354741751,709.0054138416413,254.397231964783,713.4851028416699,1520.2511944682394,252.2827971833819,1533.8782218161543,1533.137084068744,250.16849912855682,251.7994531508945,243.34953772648635,916.684327203959,912.0662529074604,908.9412819122638,940.0163285543586,1375.6558860418525,940.0480184752779,939.5327926891081
1982-08-23T00:00:00.0,1520.3225053459378,858.7236943181421,1501.3887413100647,1499.5855639740703,1500.9650504645215,1602.1513938119372,998.6623802275362,1529.7912451424047,865.5703303147608,1499.6056752375086,1493.6305415999761,1500.7512583623497,1491.3148889285899,1492.1556004797862,1491.808519099226,220.07371509995906,215.59792031315482,1465.7334401801684,1486.0486225893353,1485.7308121359852
1982-08-23T12:00:00.0,1796.0097386228897,1792.6899739791143,2031.5746458756716,2026.6960391058205,1793.4282392063492,1790.943131167689,1625.9514143676845,1642.7153062796315,1622.4242285623802,1555.003456232412,2053.033686131506,1516.4128307595145,1514.7721182050284,1642.0747688200395,1588.9502670981751,1480.6822270568632,1475.5438685814827,1483.182709453845,1629.4562014250814,1474.5856914271171
1982-08-24T00:00:00.0,1772.223035117019,1288.8122367760716,1288.1990079108703,1763.1770132261047,1622.4266089514279,1280.2237205908189,1281.010217809191,1623.9725760412239,1755.3650904951262,1609.2525870791421,1606.6977110996213,1602.1415532479596,1634.234456960987,1602.9920905321253,1229.3907310877935,1226.853682492166,1225.8596261006683,1224.3576999688653,1227.3925574045531,1225.714736242879
1982-08-24T12:00:00.0,799.3953487961318,798.7761838876754,767.4787576064383,754.0384746343638,786.818419097067,783.1812260562915,778.9045119953257,752.1899101827629,781.7069222612757,743.3755768004033,744.6737836492614,750.5337090935136,741.3835571331653,740.395006580363,735.2121613883133,731.8889118361396,708.1455655464341,708.4790954810318,708.0433088526737,710.7054445919113
1982-08-25T00:00:00.0,769.5850685466127,762.8753682867206,766.801680690895,760.664750619306,764.7840048877728,745.893223532029,731.7634313798094,727.7952516813554,767.3590338203496,728.1824148260275,737.8524353671953,726.5118994970932,722.2966069608043,722.7847789007419,721.1829722127719,717.2243321254003,719.1129895956016,730.3462912645978,714.4633987080241,708.3193768969933
1982-08-25T12:00:00.0,1511.4842611675201,1653.8806600658963,1653.0530039422397,1652.139792683596,1243.5769630047832,1537.117532809562,1254.7192075577968,811.3979846382479,1823.2841766518873,1931.7053708944673,799.5587982076408,749.214303443048,788.0170706615299,769.9173725246895,1242.7970321001906,736.8942349838843,715.3414997560916,714.881340674472,727.0085936103364,713.6792835171534
1982-08-26T00:00:00.0,1227.102421507135,1226.0427084760804,1228.1651110552482,793.2822844799742,1344.5422457873246,1522.0848320223597,1499.9439856950235,1485.9249980370928,1627.188162714719,1522.4321358175625,1521.093478159755,1483.4835611485105,1240.8528010161883,1483.9404625862917,1484.158470748986,1480.9748257309705,762.9408667046175,1482.2470401577334,1482.1270452899737,768.7510406421994
1982-08-26T12:00:00.0,456.4598365733451,461.84851952638326,977.4646862179906,977.7371643593831,979.699971541216,980.0842561221597,453.97690605241877,452.67781279216416,454.1994377190545,453.2303889682446,452.8854801378043,454.7263728513365,452.795388445565,471.98348655433267,980.445491618517,968.4038788680856,969.415932523213,967.4179210919212,974.6034630550295,964.5897959117219
1982-08-27T00:00:00.0,324.55967646323285,325.20703337918826,778.3179690021428,777.9536397419032,321.61593056153254,324.1758816921924,454.06534057861734,324.80504739856696,450.7479056830052,437.28738054574677,321.233560278324,769.402147318882,320.803553354801,603.158968776072,321.154762431635,318.5023630355593,316.32108751003176,317.6122304112977,313.7374055278664,317.72464141758473
1982-08-27T12:00:00.0,875.2253158115598,758.052440869795,881.8988894505687,879.4441026880261,754.8530836821315,302.7871828720162,301.2859710641184,299.78653752477743,751.2416800576877,750.3844924814874,299.8573577160599,302.6150507435894,302.9744964205087,299.89558649917325,299.7272618260382,296.9721480868127,296.5451402506503,749.600618746775,292.6290232512264,295.7278449332946
1982-08-28T00:00:00.0,1604.1217102471196,1600.5565854313759,1594.505687300271,1597.327616195633,1592.722701668496,1455.3263296274863,1375.131246740963,1372.9090928939813,1374.9386006011873,1373.934424560228,1210.1027620293505,1209.7053931891592,734.6492915076701,733.811529342453,726.6052491183934,724.4915526945804,279.98566811521044,279.5286310843795,727.2506808241149,727.2416321346452
1982-08-28T12:00:00.0,1937.79863661298,1926.5932876105292,1884.221471232615,1836.6806240598605,1842.6180244425088,1842.340896803799,1839.4626745220507,1837.1372350205245,1807.3485878348865,1806.4348644512258,1830.1418893462244,1815.1652347658935,1802.5189697506935,1807.907748309765,1803.9929634314526,1802.1787045234414,1834.4073330551726,1410.8308374815845,1772.7986629580662,1397.328989520386
1982-08-29T00:00:00.0,1828.6454557896566,1826.9468287511827,1822.5696818364045,1809.3633565881175,1410.3590488661418,1356.8007147469928,1354.846299988333,1503.9804756061149,1825.4482829084209,1823.6828568594199,1379.8451450682592,1393.6677348461217,1585.506163044322,1378.6588392223364,1478.596880174779,1477.8061678212232,1327.8030594569254,1327.6224216834967,1780.9986575857847,1924.7136573519922
1982-08-29T12:00:00.0,1415.2306926265323,944.4535273190745,1396.8008866246155,1480.3347937924136,1375.8940440738845,1315.634303317028,1339.5693000508759,1272.8300190597427,1772.6104104497588,1768.4685607790254,1260.059718636911,1335.4882453206058,801.860700452543,804.6160185931474,1335.2540975714699,1347.7410585115958,1266.2360611111308,1258.5979449945141,1911.2217903294327,1910.6420538693708
1982-08-30T00:00:00.0,515.4880948182541,514.6241903300522,509.13353146173273,508.47954764731264,506.6444302227256,504.615134369179,505.6579755744984,507.71071550554905,504.9462974499117,497.90998886934403,496.898584349397,497.32738210497894,495.4642461737848,495.25480763497654,925.9608904288589,508.5166114350171,514.7333494655797,506.0246850845173,505.47754972092855,507.8239993133779
1982-08-30T12:00:00.0,1333.6836295152611,1459.3273255034878,1454.2238041043674,1363.6571073476755,1356.8682811239398,1448.1825695941095,1447.6945323676966,1347.8894924602243,1445.3343889894602,1360.828474445397,1329.570474809749,1443.8022845656496,1316.4481599845387,1320.128387665661,1316.8542694504856,1432.1644726769002,1430.4594033670821,1344.6724945322712,1289.1141717917465,1300.1436818493364
1982-08-31T00:00:00.0,519.1611448197538,517.8647987034982,505.0685027159401,474.0342433864491,507.2878797541167,523.8016393428525,501.6681167815298,490.58657337677215,481.72888689507334,508.9448111027122,472.0779248090184,472.7385727375923,983.5889133033722,459.8260548038243,459.0708659692938,456.5822058617975,430.8047388236419,449.80349743769,429.8133454371752,433.4737814301179
1982-08-31T12:00:00.0,491.1113964831063,515.9647528176067,483.5450133661289,488.3412855433648,495.5436746640474,487.7758994623336,501.7359837063761,468.9182985937028,490.33739890108797,450.86441911581915,496.2981341994615,488.16321244708956,468.14847199953545,455.6193231504004,448.7032572476921,445.34374923690103,448.65104932264575,453.15133371718457,453.62793781693733,447.0431247810875
1982-09-01T00:00:00.0,1305.7361163293958,1285.9772833751424,1282.476519765343,1262.1613534093046,1106.897169475093,1105.8109007045848,965.3536460531315,1461.9549477838252,1285.7446212114992,989.2478473271731,985.8377158532,989.8662614905954,507.1444037283227,504.2451248214877,504.01874254536216,530.7678005146479,461.5496971561672,485.7480346796966,475.3114897198269,437.8224845357569
1982-09-01T12:00:00.0,208.31551130547587,721.629255342646,837.9062518699836,199.1716802545684,517.504975946151,516.7478116960234,959.3406930351327,945.8602969294739,511.7600391218915,715.4554485486656,720.3069727474978,720.1628122836854,719.4404523979463,211.52410999775725,726.1763043533022,1179.2250585407726,1177.4812808947447,1180.133141125431,1176.7035417585755,721.5170015100423
1982-09-02T00:00:00.0,702.0681996330003,700.7889251825021,185.46409170512547,815.7007687467441,177.61607599673167,176.57874057507246,695.1598913243356,178.33189903259512,176.1755248158163,692.1506462236227,184.36514622989702,174.4198228690505,200.82376097229752,169.14744561927105,179.52085160925074,175.20031324547935,173.62412093240465,179.772461507253,174.1306912519649,173.59327427924896
1982-09-02T12:00:00.0,1836.257039042983,1834.5863198841118,1832.5668708599665,1832.8115024699403,1819.2515889388264,1816.942654481535,1819.2539092258148,1820.2100115265812,1832.9650846183092,1817.7370402766296,1814.1100885510643,1804.711594057934,1809.3812285960328,1844.3036345891237,1819.1017772680646,1790.3614473312682,1788.8682836063174,1822.6668203010436,1808.9234375691565,1733.5381188696733
1982-09-03T00:00:00.0,1835.2821455681574,1840.6466893013123,1833.4157090397844,1832.4549088282902,1834.0789883167006,1833.3651355200657,1828.94231020556,1836.4518699996074,1826.8224955789576,1834.8224632870097,1826.6478938814541,1823.2497926072638,1822.800649235335,1854.232270853936,1853.840033134992,1833.3153652084309,1822.5884419071847,1823.4806013215236,1801.2702188335395,1768.1160046289172
1982-09-03T12:00:00.0,843.0971224174896,1309.3895174536042,1307.1611780388525,1308.2783918475095,1303.5776798924514,1881.5184578416818,1880.4114744246833,1836.680512532412,1875.2262682840808,1874.942452184352,1302.4311678046683,1870.141498160626,1876.6990674536912,1873.9975331204628,1858.29098162058,1812.202801833925,1801.372183016212,1812.8316493165214,1801.3939894687012,1801.230601989649
1982-09-04T00:00:00.0,1289.0259695794882,1287.865829975218,819.2168735690886,1278.2093871070474,1277.890401549215,1271.192928486534,1273.2913874234953,1270.2354011222124,1280.569756411699,1274.1484869674005,1272.5210148486574,1271.3192904986302,1273.1257818360925,1270.7855292452646,1265.5402247348688,805.7206117663738,1260.4982646392943,1257.1362655189191,1254.9732292953074,1253.7718170665962
1982-09-04T12:00:00.0,745.0161943617762,740.971245892533,1553.835691114869,1734.8951871303748,1755.544621080957,1753.8268735817408,325.2329591293461,779.6359547685129,1722.4186060368856,1638.3921322853241,1050.3183242679288,1113.1051663321985,1115.7495010473747,1635.0775270986205,1257.0361822056902,1661.7030747011552,1654.8779227796679,1648.4537458570767,1645.2832627069704,1633.2668327591257
1982-09-05T00:00:00.0,303.2121001965121,304.6193570890357,299.9691110906647,265.19159808830585,266.94278674793395,258.8173023834006,260.591836010584,251.77732436552392,247.56740413233032,249.2369289305112,248.0523185047117,247.04730283722077,682.4656563180313,260.26778405189407,1031.4102676837206,246.25854536269728,250.3986924532065,249.54950321645248,252.47462127584205,251.37102999099963
1982-09-05T12:00:00.0,282.92013394478005,283.22899268968854,268.7990490357973,246.0575160793206,241.30875011867477,238.93326722806242,233.29980690391847,229.3764686162468,227.22522403490578,225.57254193939326,224.80093819449107,223.96729099519868,224.1025456847329,229.52571872101646,222.37586060191686,219.13242558796293,226.29465767971215,647.7095905369576,228.0430935668986,647.631841369936
1982-09-06T00:00:00.0,263.27168817882125,263.56287060093024,261.65833205695,255.64430162366278,246.96059912247293,267.8194873190128,253.47411242129206,249.46445141553542,244.48266312930545,250.26625290536896,233.21796278256963,234.0949420201422,255.6350712826362,215.8686605820206,206.24368718472792,204.45143411391345,202.6771375663514,206.9192081702929,203.79258567767425,206.83208793371583
1982-09-06T12:00:00.0,302.43462903454076,698.8383144622892,300.017142425893,293.0547533765,289.2540384214658,282.8633129407433,246.9754705450509,237.43797950044572,698.5706332113772,236.41959846033703,234.1042519840001,230.93014208684164,692.4470199317248,202.17866683633454,201.19744868736223,200.13897133513055,199.26499742747092,198.62250153314062,198.26811815975117,197.22377009956188
1982-09-07T00:00:00.0,1163.1255913302236,1162.4581282077854,1039.2662578274153,1027.558640483682,1158.936393089658,1156.967645068327,1029.3831285983579,1025.5468953224618,1019.5222381691642,976.3633862086042,1086.6655215912429,973.8894239354559,972.7010503328279,1009.665247078494,1006.8963432797739,1024.0688526887088,706.5573209323078,275.2529354169603,275.92105990958754,706.2840698823791
1982-09-07T12:00:00.0,814.656789398736,696.0269783443978,263.791237247711,261.3411552528344,693.259279411613,690.5485328625931,687.9003092688063,700.8836647157391,814.2167350727493,805.0376033588632,707.9266772331374,706.0545904411517,702.2466954869511,706.413362932574,706.102905688299,1128.3944819874175,700.4476749593352,223.8601582239449,223.59541550909728,943.8644203177105
1982-09-08T00:00:00.0,860.3991162624366,501.48849496638445,874.7853046029479,1133.250738283016,1130.057742139646,835.4416292492065,1123.7082106271703,830.7621313420271,828.202911684943,830.1741230331232,933.6748233366333,829.4697099951233,829.1947676014063,828.0323632573012,984.2266559918988,964.4025472796342,962.9628989801157,235.50367273952202,948.0851180887299,232.6917999624277
1982-09-08T12:00:00.0,1352.5967824189836,1117.9677735294056,817.687695189538,797.9425311174604,796.774546911963,449.0168962243583,789.7695546882086,823.8981705185521,789.9224566982977,814.8740698854775,811.4546907436237,785.4731529435181,785.2025302656247,808.9745925481418,787.1808947414557,787.3796123535462,782.3058613802629,785.1899461669927,780.111538945962,781.2981549630538
1982-09-09T00:00:00.0,1077.5434284876592,1094.9969654911204,1090.8713424381447,1256.1181973409832,917.9402013969211,862.148069111519,1078.0829589815553,1074.939347870771,1092.0908611922064,1079.5155504447982,1072.5986446381237,1319.4069133002918,1342.3618017407232,816.5195706753458,870.7086255964517,921.0868538763847,1225.333954213146,916.1346721511055,1222.2367502237505,862.2558433630062
1982-09-09T12:00:00.0,1187.788763722489,1143.9409689213892,1131.5625826045566,1124.4428399798028,1093.39583724882,1090.9171190780062,1087.8052366673676,1530.5370404700761,1084.1003854903247,1083.134130270857,1082.1868408000928,1079.9799318462335,1511.1901919646905,1080.725439735035,1526.0026718908816,1510.5263550825828,1507.0328990278392,1506.5207366154532,1504.0384158768422,1378.8311786859076
1982-09-10T00:00:00.0,1645.6867869382318,1646.0178985789926,1604.6172804239338,1788.852896337885,1604.4050070530275,1604.2962974985874,1602.745756560371,1599.8459165516024,1602.4414874617275,1600.113813668933,1599.1381286172966,1549.69000677039,1524.1612509467373,1522.958843794358,1523.0428559888715,1523.2893727140215,1510.980301606286,1511.8965239925033,1597.5252807307147,1055.9163083668711
1982-09-10T12:00:00.0,830.7907472268569,824.504573269523,1298.8769675600804,1469.796857918075,1319.0709003642962,1318.2760798767615,1316.7279567504697,1458.5271735645072,1437.4537821812098,1459.3638084005836,1408.3365603556458,1405.8419275759995,1379.8776578818413,1379.1832975626783,854.347592975932,1396.9613022003655,948.179283179814,1395.1758232418056,1392.9099690278963,1396.3988211066103
1982-09-11T00:00:00.0,1587.7584423589362,1564.987366685994,1568.5122793865232,1268.1251893615465,1268.876148199305,1020.1743905672757,1020.7657523715252,1057.6058590750097,1019.8002320786101,1017.2831633965347,1010.6173899746832,1009.0791175703555,1009.4983612774785,1011.9724704764428,1013.5948625404646,1012.7341757915447,1012.698380502579,1554.2785025350124,1492.9982078800613,1510.9642646934371
1982-09-11T12:00:00.0,970.9743828386404,970.4804338588484,967.1290539101261,965.2765921272096,963.4918739960402,967.3408195167015,965.6719292772223,1539.0002284534166,1392.446778962247,955.9780655333359,951.9000878839862,1536.1996857739896,1535.2933032651138,1532.7779824868753,995.8124597050597,941.0413923120138,1508.3557519539427,1519.5857477649972,934.4844299225433,933.4806460981141
1982-09-12T00:00:00.0,992.3100546956019,974.7081954322596,979.8284869807179,962.7883942343265,952.8845169208917,978.4757523154619,977.8977905292929,944.8594889569573,943.9405544124689,943.9704743841748,931.5078061161817,971.8490207834681,952.515005495902,943.6969950857804,941.3333264544033,943.2054673737097,936.3182929032174,937.3083815747426,917.3905981063494,916.6929982346833
1982-09-12T12:00:00.0,973.451044142484,969.2010975605823,966.9309095081812,965.6899545035885,963.3208264965496,961.3786055140029,959.0726733308129,956.6778853795357,955.905768366815,954.6781684436571,953.7701280119777,952.3020662113207,951.6315033996791,950.6904556213707,949.5403336029602,949.1401129910531,948.2076390666374,951.3444312734795,949.9346712955399,949.8437750141152
1982-09-13T00:00:00.0,951.4511936098772,941.8844100172336,940.4771925895456,940.1091271332192,935.7962391919092,934.749123657056,936.1245998834635,934.7633005859633,935.3516526984287,932.9242904441357,931.6320282430539,930.8733608819907,932.1082095579536,929.1811723317273,930.2948473569872,924.4151679910045,924.1319918483596,900.3064982091083,912.7908262274048,907.5401200730012
1982-09-13T12:00:00.0,927.9296968931037,925.2238464042939,923.8222115116356,919.128941437762,917.9854665663242,916.6080138326886,914.9611518232175,913.5616177489978,913.1450163108892,911.5421751854525,910.0228915695437,910.3031380553566,908.0643384072158,907.5531454572928,906.7464733748285,906.2110795727183,907.9827505312958,906.1168943174621,906.9040009303952,1188.9978589289651
1982-09-14T00:00:00.0,909.9412426902628,908.1526272337835,906.4168157088548,880.9701606450996,879.0868003906047,877.1035194692234,878.8214598530097,868.0333692894977,865.3470236364521,865.5168535979761,864.5180861770965,861.460056315643,859.21770796335,857.8162067276977,855.9368419575443,857.4071746008498,852.8186636157384,729.816922465747,728.6645105460717,727.982404562282
1982-09-14T12:00:00.0,1306.5857800194349,1309.2820427847844,1307.2407205395816,1281.3384106156084,1281.7283861222909,1292.531210582805,1304.9030129168834,1307.8889282197083,1307.7666573533058,1266.3099703450378,1305.907976433022,1229.4286523805622,1226.9621595283177,1235.5458439582935,1226.529238685557,1232.9919790606075,1230.6458482729868,1228.81418869347,1222.3302630755081,1223.955264319997
1982-09-15T00:00:00.0,1315.4519749435221,1302.649972966323,1288.4267133696947,1291.8346458456012,1287.7282112414446,1294.4781758030276,1287.3232508439878,1291.991153034169,1284.9438320370195,1284.8384392087564,1284.5362845453722,1297.6275052275346,1299.2100358897583,1290.6711180907141,1257.688640860393,1276.887801985714,1285.0941680841365,1254.1636395466678,1284.2276296253692,1215.4179030494884
1982-09-15T12:00:00.0,798.2898210293579,796.0425459057594,790.2612089828696,787.4244608948044,785.1415974769474,796.9275996153875,782.9953986001594,781.5336401510708,788.5378843174028,784.949125272771,781.5480110434131,780.7629463252522,775.6918027424417,1344.636504256322,1342.6627534736383,771.3105451317482,768.939815221953,766.6159787764071,763.9332351358846,763.5046445732404
1982-09-16T00:00:00.0,1061.1284290056612,1057.6269533808345,1054.5452395407328,1050.8068555661805,1053.844908608719,1053.9895081735488,1055.7996680312183,1141.867936340924,1050.03672449903,1054.631158081376,1015.3833240153839,1018.1480851528978,1018.376281783244,1026.8686890733238,1054.8560320601966,1055.8700975407698,1055.7631659582396,1164.6028098858148,1053.8060820036249,1054.4589690340692
1982-09-16T12:00:00.0,793.2408680685886,790.9940759706252,790.6751001663109,790.8594283453806,849.9460828216045,786.3912667383458,785.2221256330498,783.6961866353647,777.7352836014766,758.2178521635739,758.0516983377557,762.6037936536511,755.1369542917055,751.0524565173529,772.1464842645292,747.1918914703554,751.0452987327715,738.1037224544051,732.7457951205638,746.8338170060592
1982-09-17T00:00:00.0,1630.4815888537619,1630.7472936187414,1169.0640315040228,1495.388100473645,1499.2268526153175,1627.8653019878925,1549.9645467604994,1175.1255142203104,1476.7458562346842,1939.6533108361195,1495.6927862714592,1507.0708835693379,1444.2102152394878,1471.7741844549005,1895.7389258940539,2007.6540616081923,1982.6590883514832,1669.8880276817745,1954.769622685943,1952.7978961520232
1982-09-17T12:00:00.0,997.4821293993003,997.1795662656915,992.5993192444927,993.9714228538207,991.0940683067515,1190.099316953486,1152.7542396389247,1148.0795021625622,1159.386772410035,1152.954854623115,1605.2275490148659,1603.970224424192,1151.354061028997,1146.4605671178783,1144.0980082299168,1779.0816621898716,523.9936275002431,1453.5772003218522,1455.5089315592277,1596.1750636882994
1982-09-18T00:00:00.0,970.5190413054648,969.3872186607564,968.3677134415271,569.0497828797364,736.8398202434201,967.7824671329512,560.516779636743,559.5456491526002,960.0863269830265,945.1251684165832,533.054538231601,929.730094975844,936.8515367840911,936.5002479845556,968.1034313231722,963.5046401274526,946.457691478251,1081.1525843462805,993.4656986718048,997.0569260069832
1982-09-18T12:00:00.0,714.9479170748588,712.7491803959067,650.9667870235139,650.3595900531018,716.0993963893368,643.4663513065686,642.820306770673,701.0446117376143,699.8182269731367,504.62931225210093,698.0165799063682,696.548574274641,694.9290601238558,694.9626358616011,694.1184391538836,692.8428362462432,620.7978985701898,477.6739332919311,476.3819686946067,693.3725139448593
1982-09-19T00:00:00.0,649.2942708405765,646.8773965302669,650.0008349506612,647.2301191119426,640.0329667349422,639.2553216732016,638.082098229851,635.7631177703576,633.1300773344204,631.264493597512,847.0473723826863,512.6654058010438,523.0633600754819,521.468792178488,645.977788109205,649.6772354128324,690.311068311823,687.330589132631,685.6683844565576,683.8172176344681
1982-09-19T12:00:00.0,912.4018293129577,1067.5792124171624,914.9845395732578,910.9744645748834,908.8093312864675,1065.1999229616965,1062.6923645561321,910.596109256889,1064.72856034831,909.0057623074927,1062.961106142506,1062.1328395046883,1061.7961775144402,904.0806004670491,904.4540018539072,1062.92651511553,903.2112058594184,1023.8786937143652,1061.4011790575707,1065.5196442817398
1982-09-20T00:00:00.0,1343.9509030455556,1344.079477319811,1833.8153606121698,1606.8823693280983,1615.7923755272955,1322.6972580635895,1321.4109943183678,1343.2591534928845,1336.812759179733,1309.7234947778677,1775.4458591417774,1616.1289277336791,1770.8296588837416,1771.736414788278,1315.2291784438262,1314.331749526867,1347.30071352242,1330.0556385632283,994.008884406177,993.7969818266279
1982-09-20T12:00:00.0,1584.7767934192977,1355.0654376624143,1355.4637181242654,1324.3816222619882,1324.408077039998,1323.9086615122433,1595.6513162322651,1322.6486544145403,2029.0142300912123,1984.5977735922775,1865.6056810035132,1799.3717651448871,1981.9039202467668,1981.4043097529245,1753.1407958102911,1752.6409928809157,1985.0837279950376,1583.0636779816193,2001.6405001700816,1582.7858359713177
1982-09-21T00:00:00.0,1783.9989483684235,1500.7599458673235,845.0134802087615,1267.7928915431876,1382.439459706557,1327.752005560655,1379.1172817752404,1299.2572593332732,831.8860116396365,1251.2503460567812,1331.7533492386658,1253.9926410553362,1256.8526401728334,1265.9053643540399,1289.3374636762553,1255.2243105861269,1257.3368526456466,1128.773640942436,1160.6218110464117,1158.4222380194865
1982-09-21T12:00:00.0,821.3560707457292,820.4894966955958,819.8609914115092,819.073915339545,817.7230075632269,973.9867026190618,905.926546495108,906.465456383776,968.8517560040158,968.0274428068667,827.9866826720679,1107.9809266031682,1107.922592558544,979.9819728986188,938.9334486170562,931.4592158950455,930.9604504839375,929.2458068305674,929.8576313331425,929.4593954827674
1982-09-22T00:00:00.0,807.5042356600273,810.41984961063,808.7973512841842,799.2007762523615,796.3190641718286,795.8186826811823,793.7889972068783,791.9530927136404,951.3020117788643,798.845949678579,946.1330654747015,799.6333389894204,818.5101177489414,783.8275223553661,806.111823488175,802.9793177286086,797.5190558317696,907.9645051286723,908.8459380145666,905.6952195341366
1982-09-22T12:00:00.0,1411.3848037699624,1238.5492177849223,1722.22649438696,1236.3286030833797,1773.8823126896677,1771.5810622142812,1772.7488463363954,1771.8167619879423,1770.9046940039445,1770.8087096329573,1771.2591809620615,1768.8450078190401,1706.736428476564,1626.6188701286019,1627.6628965872148,1532.6350683282662,1194.1192522086478,1616.8470565688865,1704.6640520726392,1612.0802842007622
1982-09-23T00:00:00.0,1217.4187662759336,1216.7535534638923,1214.870904138297,1373.792376127354,1374.454119685479,1374.1272064097298,1373.3032918673975,1751.8945863553263,1748.2662994555558,1749.022071681987,1778.5971024373723,1770.897460099116,1780.1398275202253,2199.1500218909223,1803.4482948399639,1781.4489998789556,2177.343463443756,2176.1656209350613,2175.2998731904077,1811.7100513079943
1982-09-23T12:00:00.0,920.654295608357,742.6370310851423,736.5456997267049,1351.8824444653083,1353.115704354976,896.0011737066537,892.9396529641173,1352.769746334912,1352.0577230872404,1349.2932930948693,898.2314258853315,894.7908325738588,890.3106137470626,889.96122482044,903.7995065283648,1199.3859962314073,1198.7092785571294,1335.544215601721,1504.7015117632297,732.0062810985862
1982-09-24T00:00:00.0,748.2026274626498,315.34157466804174,312.9723597218122,480.7040506647683,728.0825772283645,722.6849325920006,718.4442852156586,717.8938742068381,716.4805250708724,716.4941828106569,714.2356475104436,718.5972431557178,716.9344931998058,716.3230265703294,715.0674692876464,711.4847039703769,712.8087056459117,710.94997121132,867.674025881524,712.8786438075326
1982-09-24T12:00:00.0,271.9125609625273,267.3340932188446,267.49969463556295,280.5051579731822,562.9810824491213,388.46430695402074,289.3760836142049,254.07948196903632,289.70130916352565,373.65157660237264,371.8095856219689,262.1808553522993,257.84244156319295,260.2355504196418,370.35649618342217,259.66335262391175,257.03540527450076,221.06640296357452,218.5071671536063,221.01271136548655
1982-09-25T00:00:00.0,440.83175868764283,438.4856392640458,433.3030316143105,432.5044911254195,429.10483748486234,428.5802708486895,424.3724799268505,423.38908994654645,422.4265177253764,421.4155182777698,420.4645213571434,418.93303340279823,417.996006040905,417.74853665620276,416.9513471327964,416.24444685089804,415.31207836027966,418.0157789804224,416.5896750872608,416.48533291679297
1982-09-25T12:00:00.0,1515.7030196432845,614.8930349375333,614.5809437791486,609.342543769934,604.9258275685936,774.6231491360506,780.3769092880575,776.4373421523242,773.9055243566486,420.53414352161366,417.15810548686875,414.7813567383096,413.54197139708407,411.8546698121505,409.46932579741605,402.6286674660701,401.2625420598921,398.76037551985155,397.0494611429419,395.37905122172066
1982-09-26T00:00:00.0,388.94026714825344,389.5311783008559,384.6695203647969,845.8689568087925,392.6689963122442,387.7862908200707,409.2763962748707,406.0253696413953,403.2187165130027,398.05329939627717,376.90256333745975,821.670489494311,375.33388349830835,374.28597954451647,807.3060802487239,821.0799361207705,819.2341489251231,815.9318114756771,815.6632413070366,814.9676566418448
1982-09-26T12:00:00.0,1663.8140178561707,1097.1336491557292,1068.865928245104,1067.958266370807,1741.0089745118776,2511.802364848727,2058.8433141839396,1518.4928577107326,1045.6018323928117,1500.2310167113583,1094.7121404351656,1065.1162325858938,1494.9981749749727,1038.1794478419524,1493.3472424821464,1491.8187075512642,1546.8104275015671,1040.2330232886834,1039.659376698566,1629.1289225868554
1982-09-27T00:00:00.0,1605.3738004588117,1076.8817230736236,1042.569949642326,750.7449041965581,1198.1203449324355,1045.8204507334988,1074.4230708538496,1045.991256045282,1513.4055671923365,1478.8868213640114,1023.774175334193,1478.0314598951177,1022.0123187040946,1045.1415085795231,1207.8054110854714,1471.0629770858898,1469.7787272133726,1011.2842288898607,1014.8730475125079,1010.597398419642
1982-09-27T12:00:00.0,1272.5579638610075,1218.3017774253035,1291.0061033989418,1289.8322489608042,1497.5436362989772,1290.1630691983219,1289.3577107866988,853.6707594011426,850.3013583832144,1019.0902359441901,1727.5026434636154,1618.5961535832514,1000.4739257354312,1000.1743755060107,1023.75214415741,998.3233213768002,1017.8849216163845,1046.6221609162021,1269.940538641816,989.2545233363792
1982-09-28T00:00:00.0,551.3896826281988,554.2655815122378,552.8247375517684,551.1855916444595,547.7687912810284,548.7711618747878,693.1794205374588,550.1697767040394,544.7691473188474,515.8364583537096,505.69268530363405,547.691787257457,702.0921387450104,698.3474815247172,706.5430724723178,653.717506344764,653.5705961306186,653.7297675358807,652.471569799223,659.699747696992
1982-09-28T12:00:00.0,528.1306380758755,524.7462385687073,521.1857214706693,517.4631482375241,519.0389899724049,517.8149002943853,539.0931480673667,608.5482333706883,515.0016023884632,521.3377543779737,482.00972287458745,518.2586448454894,482.2405181249579,489.4947718616721,521.4468391431601,522.4782107822705,522.3581672390221,631.3751374156227,520.4566308023684,521.1252974809029
1982-09-29T00:00:00.0,507.04172950257777,527.4675604101816,661.8684299176323,688.5245078321982,699.9546913242614,698.5407041386167,676.6416126437836,693.3637453553009,820.8350356066414,812.1374128128674,654.8843562540227,659.8987641285394,660.471254051152,664.206928746654,654.8607380605832,824.1073423345732,650.6771085640817,656.1193371436274,655.9413753269401,824.5022159830114
1982-09-29T12:00:00.0,680.7206136581203,662.3620548018308,481.1430769559091,486.19657891960765,640.3776115413941,638.9365124304454,635.4783338698458,634.8997386822434,634.8252064838771,634.2769231043657,633.4448806421017,632.8122551034368,488.1229352545595,487.86277847524,487.97190538637136,479.8405114866073,642.677067180876,653.1743573451566,644.0179673326962,641.7235701358156
1982-09-30T00:00:00.0,219.37212948424934,220.9560169060893,218.80773102047957,216.86325159544802,214.0596524074641,211.9804157809381,210.75556976853105,208.43475139276427,207.92621796283953,206.61284476974055,206.93133138795912,205.35004286247855,204.45114078206944,203.00399073313372,202.59849351387734,201.74524267463738,201.40493540211804,200.87736564863113,199.6718367796552,199.64972441852876
1982-09-30T12:00:00.0,199.5184368020737,195.57109523055246,194.53161800085292,193.80767965147814,191.05126880056022,188.90953677444654,187.5235002121186,186.95225468039322,186.3042530017308,185.616672365338,184.09276021569215,183.8280291448351,182.63639497884077,181.35492412883596,181.6739328164681,180.10739738623968,182.89732962183797,182.90715642017827,180.79116291111083,180.5852707658172
1982-10-01T00:00:00.0,185.42147002130258,182.81962019126493,178.43517678461157,177.03306505405953,175.33838921646978,173.40040783896384,169.75845427090664,169.79686322970815,166.38620980748817,165.86855745964124,165.425135539745,163.1478170195644,162.4984324418317,161.60163535463062,160.8638484553473,159.50483092657524,163.18109243476482,162.4393966809916,161.57149921440924,159.9712335682801
