x1,x2,x3,x4,x5,x6,x7,x8,x9,x10
306.40859586110355,299.0930788481042,293.3072454168908,287.44787289895277,282.3787983221179,276.57457602020276,270.11792903975754,263.0946677589364,259.27258440461,254.65773635632502
297.458462601697,293.12323331179726,288.4588525877798,283.01695931485233,278.3438036310059,270.8246858453097,265.17640288621686,259.8292605777533,254.83266985753437,250.78003453689743
312.5147678362076,301.0120202170987,290.68845970476855,280.3001849071107,268.4293458913623,259.9396164041421,254.2025352522239,249.73066708825974,246.05778518327918,245.18293266786898
324.3722940377639,314.9648823862262,304.0547576681265,291.21711713364607,285.03656742107177,272.4687940002537,264.9718282079502,258.4568985701304,249.01394996776517,239.4925824337482
330.9692416157834,322.8722748295053,318.95689336214457,310.6700333849168,303.1077279524648,297.5190354178289,291.7458134358413,286.89326287261866,281.27454139222806,276.4971779739805
325.0094761516766,318.49939331825834,311.71619375126306,306.15500993124175,301.1346287616696,296.49131985627344,292.75162934395763,288.5431489336754,282.9844648219503,278.6608410068948
310.63375768384583,304.6682009553969,301.8275890618126,299.4443538404517,294.9054056899856,292.60607527395575,288.514211260308,283.33173779601884,278.8023216610113,274.7301018266179
289.2085485980209,285.7820230189232,279.93907213205944,275.1693006667332,270.0961713892145,265.5063793263154,261.6882427205019,258.7037096009733,256.5337282283119,253.87543235139975
275.54550272955214,267.15050685908926,259.7654020667262,253.6496804824487,249.23875480982642,244.54063538449694,238.81327095311053,233.92757004163462,230.0475278787435,227.10701122257706
294.2077622018924,285.66203204949323,278.3450020556603,266.7158422850066,258.2382366873662,253.2129571576591,247.1436820987154,242.84067613435113,235.3635203426787,230.1504076665944
323.4962192430619,317.0711061521394,310.64815741570965,305.96600692787007,300.3159839525649,291.4816502569261,285.3575654657302,280.2769581071966,272.59677949712676,267.9372875152478
311.0230856947722,304.47658484245767,299.59842742652984,295.9233321979831,289.6004123762109,284.0495726911047,279.29609258182256,273.8441211443443,270.2751404906235,266.0137215800916
310.99222694438595,303.7655566241011,298.0104877375655,291.7040876718004,284.00370295842043,278.19551263472914,271.2039675408202,268.78522152175805,263.03370862888534,258.2637870754731
304.699482528745,297.798428856654,289.54287438626983,282.41297369872433,275.0765507633744,267.42092161073924,260.6799331704898,255.08900588035547,249.30374137392636,242.60538298981396
309.7554598500081,302.2156378926731,296.7253448720469,287.50492170980016,282.73393842477026,277.43614844608027,271.3027287554119,266.8082765991019,261.3405642240243,256.46619288123435
305.70509992447063,297.6390949625121,290.664617254224,283.6038117501486,278.04209979041525,272.14332504368724,266.4155672295316,259.3776960485512,253.88151721622518,249.97828670883257
304.79911864680463,297.7354235401942,293.8836838328065,289.3549670641448,283.3084913454598,279.40201165236755,274.2169750721457,268.77740252571056,263.2340083207381,253.7992792440677
311.6635693810445,305.27045989552727,299.45978719073685,291.7061125430941,283.8003530768138,278.3530057858699,272.1099947384464,265.7560026250226,258.79909424717704,254.064396597861
302.29916371877954,296.27472616200527,291.1079845929219,286.74300705517686,281.1977414943005,277.63668022462303,273.06344109904217,268.46952362050394,264.7496748190672,258.5187744120586
284.80472856586573,280.54315204809626,274.32450510837555,269.66048071018093,265.87193132403274,261.01764317805697,256.5505784061258,250.979298579552,247.57140335644132,243.9234750976935
264.88062900547294,260.6255768701392,256.6690392771395,252.30678525684863,248.73635826690864,245.84755738906696,242.20129496632478,239.34017119371606,234.34173082424294,231.08006332760814
268.1581686294846,261.42085387800387,257.3684388167991,254.979853142171,251.14228436707344,240.48288560019523,230.14372855344814,226.25538734877648,223.37740244190255,219.5068596256552
250.56980357252502,245.4522543649761,241.96048996471245,240.19411401843848,234.36806823286457,228.19521219951744,221.82754836662795,217.64075126028908,215.43376258343153,212.38401838864036
246.01991544269603,242.86736497487567,239.6216848859088,229.64402931759642,219.98468354199932,214.5863415859547,210.4138189856266,207.31679158142845,204.27173321749723,200.92476397566662
243.17201638014137,232.50947425790318,224.3838713303446,219.879958574357,216.45811756818293,211.71036921819677,210.07135060907777,206.65780571304666,203.62270010011616,202.21995278268548
262.74759594590506,256.6278327499898,251.7138797602905,247.49519674042628,238.06151479177413,232.17214125586634,225.80555373420503,219.29356053573005,213.97679207627277,209.23534676360842
280.14294708691244,275.58655053942806,268.5695233085141,261.70060575557704,254.74414563994165,252.0153575133317,245.07564837754347,241.04512748961957,233.98214991378657,231.9410801629913
252.47062357107416,247.35205667913118,243.07139354484298,237.58974584111988,232.8660008785395,227.0952400781646,222.45083061262972,217.97479002435938,213.38698510269117,207.69269174931316
241.06120176510657,237.05678324603383,235.96177892961916,228.36252347108731,225.55029111367776,214.60971517324842,209.63326055118378,203.34405211514203,200.10548819839894,195.43125120074959
272.39470278708814,265.34037837230636,256.4540395385027,239.2453020661616,230.43319375056197,224.5035834042148,220.48115364992518,216.33156313696009,213.2725973761648,210.40139492173898
271.2953655805948,267.20803083075236,260.06072580525813,253.9965224698697,250.321586909016,242.8084488083872,236.07365544846425,231.5805138143752,228.59370486373075,223.2511740043219
