start_time,0.85,0.8657894736842106,0.881578947368421,0.8973684210526315,0.9131578947368421,0.9289473684210526,0.9447368421052631,0.9605263157894737,0.9763157894736842,0.9921052631578947,1.0078947368421052,1.0236842105263158,1.0394736842105263,1.055263157894737,1.0710526315789473,1.0868421052631578,1.1026315789473684,1.118421052631579,1.1342105263157893,1.15
1982-01-01T00:00:00.0,154.98258322328917,152.27071970524017,151.79381202793692,149.71236886571592,149.19610013758913,148.6874589783977,148.04530879322962,147.3982606382406,146.288763407765,145.1118391007882,143.6191637265991,142.87302948795195,141.78398845237288,141.00283092879422,139.84885934807681,138.42804081752308,136.55027865822848,137.20983539514262,135.29619503891615,133.62838392910288
1982-01-01T12:00:00.0,140.25341539441945,138.4489703374383,134.2279055204455,136.36369626302306,133.00069219082718,131.16633761899604,129.70163682295157,128.55333001175674,126.97108947608847,124.46125789028132,123.73585295207403,122.81765607602699,122.0575995299251,121.50262920252368,120.10544423922777,118.90920260124204,119.98043643279617,118.34386050346794,117.60637869669984,116.57230755862773
1982-01-02T00:00:00.0,172.07527690907997,169.42061999177702,166.2384780329338,161.04734041998663,160.06285865491324,152.12750883485958,146.8400461967216,142.8081994111872,131.44671095943752,128.94521933279708,126.45299868530195,124.97007154432593,120.17344829342582,116.24266128305273,112.39530619662561,108.3888108852104,107.4698538631901,105.86506300024325,104.59239109037551,103.60639193508521
1982-01-02T12:00:00.0,176.6512140025201,175.37967000281648,177.51521403862986,172.84453387330322,171.46172637764798,186.07404758908265,156.38830709037398,151.5033659372299,146.75818896573514,143.97714388022428,141.24873341505977,141.26658858085347,139.01939129812757,138.8485466195656,133.39274290367183,131.82745628713155,126.36393454354544,125.38624766920245,124.83456249950476,119.3242442010241
1982-01-03T00:00:00.0,225.66734871087186,226.82994893220672,223.8973131990325,222.44586287624537,218.75262026426677,218.3103401411436,211.07685381402422,224.74783997861024,187.30399999114323,160.36462606902396,157.65602206065756,157.3070366302751,152.2704702504678,148.65347586412358,147.87691535899324,147.56502058236842,150.2433088980496,144.13944965323796,142.92359972843883,142.96011186152603
1982-01-03T12:00:00.0,209.32734833186277,212.8691111983758,209.05012806361685,213.92163887485762,206.234797124231,204.25861358442168,202.3551631533358,210.64343375695736,203.2984594102784,201.67781175835677,200.38634126891375,200.35787928053267,198.9341766273025,196.47470100516153,198.10972665987964,197.41108805714802,194.4156772203793,194.69983450182767,192.3596538480884,174.75570106543384
1982-01-04T00:00:00.0,199.39313359417207,198.79437274252672,198.50094420606544,196.02485539563344,1092.638426763491,188.33986983907062,187.77348772122144,184.42312946150506,1931.9917584102186,191.52561378099085,182.8471684896579,182.0971332993204,182.30398268596997,184.70572918133107,183.45657121893242,189.51094294600887,179.39235992264173,179.33177198380565,189.10320240609985,175.82320910868492
1982-01-04T12:00:00.0,263.1105605373405,273.86946200507225,262.20043311613875,255.11442584336314,248.6973432817076,256.87330724831844,235.96963646444016,263.7451872511464,277.4558814308521,251.7262724505695,258.5698171899501,174.16104167846825,167.43977588580714,167.67488530241064,166.06909967634024,164.8020801717907,162.10607438527208,160.98855818509557,160.74362114966019,161.78621152022671
1982-01-05T00:00:00.0,279.21182344767806,252.2504232001976,239.7812936624405,246.50055017578597,243.24116419174305,241.34949749045566,232.7081738853086,230.4692253188792,222.27945680331428,227.64341635343823,1050.7046407530702,230.01601909184478,1038.6585745816037,1037.3611961584386,231.17948096433653,1036.308918884089,221.46965363050836,220.74084070989827,1034.6593927589781,219.39740035775685
1982-01-05T12:00:00.0,261.48060629156026,259.67836358531963,246.08845284334134,247.0612297310499,236.58354446221423,232.36262020439992,228.8351466826652,225.18285374055577,224.2160539351601,228.59742788350076,220.08033837456495,223.66341733285623,206.49992780225494,225.99108184096332,216.9770578633237,219.4061015302533,210.3586372184667,204.80921695127552,206.12343752908302,203.8200388783607
1982-01-06T00:00:00.0,1083.7736100420605,1081.2181069375408,258.61413195492423,258.19972854023024,260.1259435598072,260.12503408623894,246.6275873444314,245.29357065852804,236.68963256389958,239.06261973494279,1934.9100848591177,1932.205815008058,228.94130967406164,211.85774359907282,208.12170514300243,205.04568350598637,204.8542682315004,225.11605379026,206.8688560256297,200.34031097852008
1982-01-06T12:00:00.0,287.27438881231836,304.35123216828185,289.9238427014615,278.7652662479216,265.52847152725377,252.50026375548703,249.90348948242064,248.80219305511483,249.50071573685997,245.8492597462041,239.1428979827088,245.83986841017858,241.97658560844135,247.9611391380544,230.15986119402885,226.7278876184543,225.27988036179266,223.3472773939081,215.27001046904232,213.51972034532673
1982-01-07T00:00:00.0,1063.9500079111895,1186.9518821464733,1184.1788116423909,282.590558624017,263.0313096752258,1157.5294524694673,294.5726893008053,1922.6832285005808,1920.0909092085924,1919.4648497911483,1916.7358818301789,1029.832117003916,1028.6874782085506,1026.421894336792,230.00207415170118,227.0196285597813,225.98134595021062,223.41714161378738,218.71670147432738,217.91005851683988
1982-01-07T12:00:00.0,1109.1561932007653,1082.7208774597027,1174.063332056947,1154.6060742545721,1160.2101517260994,1167.1441300519687,1164.8751241331295,299.1258604590343,292.4691461788755,287.51051805233675,299.1574714730718,239.56023094979602,289.3556584593383,301.1845453781265,300.4913283964263,240.519082780599,1087.0805472370084,1049.4759633942272,1013.3331235871859,1893.3488303874208
1982-01-08T00:00:00.0,1159.8306324628427,1155.6402147038953,1152.0407379665876,1151.3333579712616,1138.807015827436,1153.365185950724,1143.4946595650756,1141.777079445733,1164.55667503974,372.4689799851199,1154.4243301401139,1150.9974608296782,1171.484314642625,1035.4451869104757,1033.961373514069,1034.022317549311,1052.779202627064,1139.758743973288,269.38614183189605,270.4435520061628
1982-01-08T12:00:00.0,317.5032290147499,1138.0410673002025,1098.448598120368,1082.890240752278,356.5413679659084,1139.3291701694054,314.98742174355124,315.0099946419598,342.96035083919224,1076.4164792672934,1074.339487996743,341.9782178294244,311.0183514867592,1066.8580329226834,323.62466037026144,339.1925411498469,1073.6075702795047,248.41142308426114,258.3940222926405,261.97443123189663
1982-01-09T00:00:00.0,1132.233889771415,336.59256546008606,1131.015310062066,1204.1993068029537,1109.4725573743756,348.00262625413967,1971.5506782924972,1966.6418141961078,1120.8468152067207,1069.1710200527486,1106.8173850372334,1061.3719950759435,1060.7136069268045,1063.5892786632553,1061.6124289768497,1060.4323178128318,1056.4692491384938,1130.0232174596078,1053.3200561813655,1033.9403241886553
1982-01-09T12:00:00.0,1128.2544113026738,331.3032696602372,1095.562482789897,1084.8003857898873,1048.8561220504598,1046.9479087245659,1111.0261019695977,1110.0481443095161,1082.7925309979319,1081.8491947557725,1091.2964964650962,300.3360673683599,1108.4855900623706,1106.2357452190568,1102.4764862199308,1073.6368223197014,2026.3875185767888,1082.9068535093975,1069.4085267070805,1126.3943162402459
1982-01-10T00:00:00.0,337.648581505018,1153.4076934689188,1078.9350416339516,1075.9974188281085,1037.643385868604,1034.8633285693388,1031.3053297508804,1029.9441397424982,1023.7342685890688,1060.0566307866561,1069.251133940799,1106.7698923072455,2007.881967070697,1059.1617604655517,1067.649657075992,1066.483822712358,1078.0546578916922,277.48797447382975,276.63369555014094,1105.325706595738
1982-01-10T12:00:00.0,272.44539983454257,307.36420566043677,287.81128437289306,278.2490510317938,1105.6167116367546,1105.2011920507648,1104.8393190236602,1181.0172132243097,306.5556915795289,1064.859178395791,306.4736231122327,302.88451104074517,1066.651354649252,1067.3447489597227,1064.571417143212,1065.7789983628613,1064.568692576812,1045.8502859455525,263.80811324244655,1044.7895746258782
1982-01-11T00:00:00.0,281.289861082699,278.3028697702247,273.34155574077545,283.0018321766098,283.33681724849396,256.82920325931525,256.3011658856184,261.1684524463128,292.83642267029654,1076.5477181860826,1098.4820747117726,1045.005553590834,1046.659428687093,1046.3622999267395,1045.028222121078,1044.7428248500987,241.19001019803136,254.4828983869887,1043.41921690474,234.34219989229325
1982-01-11T12:00:00.0,259.207002868719,259.5884338376532,255.87075768711466,254.8809574788449,256.53574430944553,255.59398397012745,255.58679373294154,254.044693859673,256.67099285759406,254.98009138672822,260.17784948331916,256.75250506924124,257.93115081861265,255.4365000619258,238.69806635813694,238.14125147923528,237.04069508242873,237.64292811255748,233.36906943801563,226.48868537824788
1982-01-12T00:00:00.0,257.4794260322905,253.5992964243271,246.5693830214592,241.9071724429893,239.8042561064707,233.67937665729696,234.25067036185146,234.20170808542372,238.86933255073583,238.20339281908852,233.3147476186166,231.580088609044,228.89017811075078,228.97522419460168,233.77415072139524,232.83751117560837,229.37295912060156,232.26403011929472,233.46378048013463,220.7371550569278
1982-01-12T12:00:00.0,244.69775082235228,240.54761919923217,242.32636337607892,238.92767746533536,236.04022364615736,235.06401124039348,236.24143602163392,231.15941654192886,228.59903210043342,224.7640588683352,227.16705916613813,220.04426999796672,214.5698260627564,213.24739505283475,212.91531549619776,211.04160012840813,211.65641563146343,210.9437795917772,209.91072346737437,207.42713868027639
1982-01-13T00:00:00.0,227.95296094725606,222.48813719500475,222.9794376451883,222.949080791584,222.61761536743842,218.56136557015017,216.60272969193306,218.59941059825283,213.95776253636834,213.1340941793773,210.21338285021653,209.77675835030985,205.69839402903636,205.0289181813853,201.11065059592892,200.82646838464942,200.81785788675836,199.62356435413304,198.06018683633565,197.46050801680792
1982-01-13T12:00:00.0,206.48592572237604,205.42359495862618,203.0506098762662,200.78533651552078,199.76647795453533,200.55547835732355,198.9947630219512,198.23995586275453,192.93705733433964,193.1076204269301,189.93373774107494,189.21427603715196,187.77413747647284,188.56356887594677,186.7936158272983,181.85264726186622,179.42634634518512,178.9904677604045,178.56185485164136,177.9557108982549
1982-01-14T00:00:00.0,184.58973367093435,184.27451085764426,183.89691704226726,182.81260635230592,181.65666009673933,179.33345394016266,178.5713560076441,176.26547233137862,174.91951815593998,176.23627804082122,173.8176215071947,171.56987619711515,173.1006152576052,168.7843564513632,166.97114760734092,166.85653733256856,164.9539923752891,163.75497095216951,162.55408545939346,161.08173886919528
1982-01-14T12:00:00.0,167.87920024055998,165.60407445330327,164.56949034624168,163.91569315470565,161.95817137712385,160.60651974210467,158.7712908940808,161.6764774302378,159.04051715067118,156.2621095366193,156.79323553442305,154.79328185233496,152.7548680653196,152.47880812418268,150.9397119703487,150.4979076029809,148.89690437721143,148.52055077676263,147.84784875933687,146.66451897316435
1982-01-15T00:00:00.0,156.4769114490939,154.98313327325428,152.22768849504305,149.3594534288011,148.37227192045276,145.63952196808208,144.41052482489144,142.34576686690397,141.71462369117114,140.18543453513297,139.53327385855306,137.47874834111073,137.69832320575816,137.37071588390253,135.8499899402823,133.33699805200052,131.94277776790057,133.02871842599464,130.766832180611,131.36809859438517
1982-01-15T12:00:00.0,147.7510295215513,145.42703911968744,144.00471106973814,141.48489034870659,140.27265976012566,137.92057802882715,136.82866954718924,134.85428926326432,133.10034380230235,131.93232102202845,129.2738720238488,127.12586830805775,126.0978938918911,124.21063497156294,122.63135078906154,120.93581816362133,120.06180385154705,118.82482538960652,117.70675846631738,116.45964196081071
1982-01-16T00:00:00.0,137.89980029362388,135.1977039865532,133.21359040534304,131.15642287089216,128.85974068562567,126.84811878122194,124.83576362254013,123.12251421273082,121.72459939113531,120.92037286278818,119.23358934432703,117.66489986194358,116.44267219026501,115.74088860660558,114.56155774627004,113.3118342279569,111.89515590110202,110.48295610255272,109.15547359775795,107.22985929966933
1982-01-16T12:00:00.0,175.41605021593648,180.0406060264706,150.87351058456827,142.18600120373458,136.0271440087311,130.13364071838714,125.83281495222671,123.20794869632256,120.41018598099946,118.75452000438851,116.31922073227895,114.38794728215969,112.0376705440717,109.41805478707585,106.73258634998697,104.66705472819365,102.6060178248268,101.62207594422435,100.02896241342522,99.28191896291918
1982-01-17T00:00:00.0,161.162556892416,159.25915276996582,159.43307967053292,158.30924663230928,159.6481225768983,159.07928673949368,154.84435530954462,156.39422317374206,153.0689261802054,153.2169557525347,152.9715298668982,153.8105766762828,153.2693045290992,152.3777172712376,144.99508946827876,127.22173978284034,121.40694594767027,115.29952202655892,110.2278863958069,106.43963671582418
1982-01-17T12:00:00.0,149.60847067404472,178.29449543798444,151.6342690915115,140.30385342732396,138.91744534446056,138.79993531171357,138.50075601829548,137.22118143042587,136.88380996744306,136.71810940711725,135.58268352009128,135.42509549676737,134.80663810057814,132.74874964313324,132.74170399651797,133.07731535870104,132.49263269942682,131.88271544640662,131.36426987116113,131.0222877417806
1982-01-18T00:00:00.0,174.96709727723152,193.010772688652,158.2544575529989,168.57430178456755,145.81518498182282,996.0343738804819,992.6827419536461,134.2463061376755,152.2715825871915,130.56811940178895,126.333962477387,121.67882166986018,119.9395309025744,119.02369809701534,117.1872574101211,119.97633976469845,117.65881474349396,117.67648771188145,116.42244866934968,116.00679591633661
1982-01-18T12:00:00.0,192.47632773167504,191.33630451517413,188.9155177724074,194.15104428541872,186.01016164846166,188.58959555849867,194.06430123734722,190.17150256270364,182.17201104896935,176.8320110795047,176.7578234005542,153.2606054511298,147.1397398698863,143.51991885477068,133.69946073130293,132.6282182377662,129.50434995744394,124.95446372144772,122.18627756556255,119.30058520012017
1982-01-19T00:00:00.0,186.0775051272835,182.91970699832947,180.21828657258263,176.15229087386226,174.5692521322381,172.01553757292646,171.44233007194373,171.20948337644677,168.18340426827214,167.95458125648403,168.79035185098556,167.88767704610052,166.59605492827274,165.5519320128382,164.2651926883002,162.94810184115553,163.27943451707617,161.79810454399313,159.5010397333692,159.2313122817456
1982-01-19T12:00:00.0,187.08685217508256,185.64698203737697,183.06276579968664,180.9517097982467,179.3119263175117,177.5397389600925,174.98690622087355,173.5218326495074,172.55829214514068,170.25853975048162,169.4737457289754,168.33777488141635,166.3994250703615,165.61390364475443,166.18776083086644,164.50309122686096,167.7682878986919,164.45028305976592,159.60243638797465,158.57421020074239
1982-01-20T00:00:00.0,181.64978529600398,177.18002907619064,175.21161229208707,171.83650682801118,169.12589191856586,166.27634833412765,165.36585783825956,167.17104242694762,165.46732634521743,163.57185418342152,161.77389286043865,158.83973686509208,158.5773359998471,151.78923916583622,150.85891594907966,149.59464043822973,150.14200964169498,149.28531301889495,147.62478566499027,146.99513186666982
1982-01-20T12:00:00.0,170.5091017953685,169.8042208848105,168.63021510609272,167.50366190002399,165.53448700798427,164.8005140591944,162.15815170209873,159.56433314481902,158.00322220631693,152.7873652767144,150.63889481162792,147.38090651982984,145.14006764901205,143.6216293101327,142.1429416101287,144.965345620157,142.58541634923563,141.7841892786447,141.24942242029746,139.46241738511142
1982-01-21T00:00:00.0,158.24099506577835,154.56929197471058,152.68684006602885,151.58479100648088,147.44440774114304,146.7739587352305,146.24877120286064,145.40403845261278,144.34481354332246,143.04728569872427,142.05913809203145,140.973962940644,139.89467850515172,138.84153372425672,137.6706230303295,136.47977523685682,134.8493194473763,132.63963087792138,130.79084521888066,128.85138854955153
1982-01-21T12:00:00.0,136.89013990024353,139.9675176582077,136.73054122648335,135.71590180099966,131.47020353880154,131.3598431343509,130.2269085288248,129.2092363686272,125.37289584298416,124.20745368387439,123.96426065793271,122.61361629390166,121.55385121890272,120.86867668190762,120.34106145925354,119.37472269133902,118.67394963518068,117.59463558662851,116.76650404105106,116.15766893298473
1982-01-22T00:00:00.0,134.9573169147069,132.04527906673383,120.62563410151208,119.21018466841448,115.62899400138858,114.13287233759378,113.46845954111961,111.18273384082177,109.83837073399974,108.38474317358472,106.94825829481785,105.60437574964882,102.97863757046322,101.65768466392299,101.38233203993158,100.39260891316738,99.45606002757341,98.54800889499084,97.77416173518905,96.9729125620648
1982-01-22T12:00:00.0,121.62489824762072,116.76258534543572,115.55712886363715,113.52442911601743,113.29743859469795,113.78458900241995,115.03647541502652,114.02793679694138,113.46756310855241,105.65531669274013,108.62431618259058,107.87859151669898,100.42729625853954,99.30157311160015,98.01017979560487,96.45051692298848,93.94467697915093,93.12698779523363,90.37096905647823,89.46731105462997
1982-01-23T00:00:00.0,145.70986293123337,119.15067452353547,116.12914538321836,111.97340823519953,110.56854690701411,108.72166542598156,107.62301683703771,109.72332477600962,107.08859048711392,106.8602610879609,105.74485456225814,104.31911255626429,103.31886620315575,102.27157016488981,101.83025229725102,100.19493318216817,97.24463881114481,96.17576216302497,94.06426799443811,89.83106519919993
1982-01-23T12:00:00.0,176.90178144820825,185.11935940498356,186.89695089462998,153.96102694861196,161.0338856271137,156.09351429090273,137.81625625185285,152.92348962467472,154.4987415212887,127.57468852792599,124.81600873656055,191.47165639276466,119.34128733298874,114.328406779394,112.46732378498082,172.05507831944453,105.69527491495866,119.70582057386659,134.85159220452823,131.02975142682033
1982-01-24T00:00:00.0,213.7962007591078,240.64945416479725,244.54921371114534,256.51788284123404,180.09987513358928,199.00034975945425,179.24524929372774,158.6291591798208,161.45910496240595,160.0969304890088,163.79945826371332,148.513043590892,143.0436019402288,142.72495443475773,140.89170241200702,140.52344523519977,133.09483969055427,139.15859564500562,138.47720845876754,119.05255426038266
1982-01-24T12:00:00.0,214.142309201862,210.7890755409729,210.28316599017012,211.0699233542715,208.41722153059504,206.58142061625745,206.55006374340905,204.75069916485262,204.83253444875427,205.03426544966524,204.72694900375933,202.96932669172662,194.773899172997,206.62933927186717,206.9441558352712,178.5552975200419,177.64873372077147,162.31424093669398,158.1477015865661,160.7783220703584
1982-01-25T00:00:00.0,220.34389419706778,214.14944329298228,207.9079418497384,205.0354525011065,203.18348970903733,199.73750028526834,199.8880992511662,198.6496799286499,194.63642954871847,192.83355820245438,189.53242006324155,189.20129367406332,189.14720076292642,188.09315055303327,185.88821311868782,185.05322202279865,183.4725156303126,183.34080490285453,183.6839795933745,183.5754577832731
1982-01-25T12:00:00.0,227.73963670798992,219.75249436457227,218.80787698819256,209.19738083485572,206.9934514126871,204.41684570141683,200.81363467565163,197.51688512100722,195.24665787992103,195.8416086340581,194.9985022797054,193.78693329424786,191.58581418467122,189.33345645015407,187.52443698553904,187.01821706082876,185.5658389254217,183.71241144548316,182.85613944672974,182.51983321982564
1982-01-26T00:00:00.0,230.80316485363116,225.28842627467557,221.7689499472788,225.6078291123411,210.66879212205708,208.09404557708447,203.332291447957,199.33173060238127,193.75421783330728,196.68747923310758,187.5904883572638,185.34559406857426,183.03922739002854,179.76423440675254,179.0338439903363,176.44977330764738,174.8046726679285,173.2180800449805,172.1188979975352,170.76741094879594
1982-01-26T12:00:00.0,208.0557954774917,206.55085778211864,205.94189378365027,202.7460877815614,201.2783442495515,199.42101618045248,198.11568242513144,196.80741083394358,194.63420439740574,193.24675056841645,192.15631152479952,191.36871861906621,189.5682744645874,188.7449665613154,187.53145102978937,186.81978360739404,185.45953981049746,182.58774037246187,182.22811018876504,178.6841161808443
1982-01-27T00:00:00.0,202.04930865874226,194.7207564682907,191.17261999648227,188.28624852746879,185.67178769097845,183.088040400898,179.75599085806064,178.64986735241226,177.55545971476394,175.4385646416542,174.0967839533894,173.03197927423776,171.67858691746494,170.5805865920207,169.51438542692,169.11869916864148,167.73230773151963,167.02733449024632,165.9667059863496,165.042685814084
1982-01-27T12:00:00.0,221.68418886702685,208.2950184833238,199.97041680288206,191.93101939646576,188.89163908842843,185.58601947137484,181.6327720051634,173.84681595680118,168.73207635160938,165.557478168179,163.9184632911775,161.73572856280322,160.63673193695112,159.24404065102033,156.57551678907708,153.10399389443387,151.95094717441,150.11615897477876,149.1914948648743,148.3582865935911
1982-01-28T00:00:00.0,217.35987749998208,214.20251240173417,212.1847256166456,207.7424886622458,205.6627810884906,203.70822111875336,201.1251224468528,198.99301614015656,197.24244311491023,196.96997647879004,195.74481195611583,194.0277019320959,192.05594687254808,191.9776927220103,190.39857126764753,188.1536233880948,186.8762747768603,183.43308824433092,179.91556241188547,173.3659911001596
1982-01-28T12:00:00.0,208.12070586582072,209.00689241750229,208.075262987209,196.29451598002314,196.3493139330108,190.49077604736033,185.88942755235834,184.73642019021517,181.27492044003264,178.9797498912215,177.65418859189182,176.56804098745482,173.78689268858463,172.54639894683373,172.4931876657192,171.31958715113637,169.10910633826865,167.20674765001775,166.41695240272364,165.13310530438534
1982-01-29T00:00:00.0,196.4086327149625,194.63526835186335,192.668517188347,189.11324344802185,187.59859555798047,184.08044537000706,184.6751339049379,181.0136569445177,176.27651881484704,173.95832026405137,175.43597650165685,174.52718969282935,170.36912112068467,167.57051738221915,169.5828258655585,161.4035414189245,156.64017517737037,156.0063945112363,155.3868616752205,153.58206993148528
1982-01-29T12:00:00.0,194.66685538870306,195.72642508295493,190.94481086802276,185.28131505172811,183.46340578443025,174.66758738306936,176.3674389216152,173.64942624501123,172.2276750146315,166.41763120688717,169.65045930771095,164.35778230730932,164.99511740411063,160.4581114186434,159.3252075216633,156.97074478394694,159.1178105281578,157.48663458074205,148.54076224809512,147.3403289409688
1982-01-30T00:00:00.0,233.0683145635234,234.60079400245448,220.93284987067014,198.25068824703934,199.7970296674071,197.62170856413437,192.0147778553844,181.95848325421414,183.50976029156908,176.4366733305761,176.78864383378908,174.65344205355328,168.59884187777757,167.10461391014778,165.21454428189352,164.23612882219797,160.77412875476293,154.57709345193135,152.17710982849073,149.44300068315218
1982-01-30T12:00:00.0,258.0410373272285,251.02561247288153,245.12112730219374,243.68582645060292,243.33339504634304,248.2610531827172,248.6035907474378,214.9419668606346,215.4612650325824,211.36034751280826,213.71186803242549,205.8845466036194,203.5293023837374,202.99347904458028,200.98842648613063,191.68775350293092,189.06567408139307,184.96582441930425,183.14722111428404,185.41571865125883
1982-01-31T00:00:00.0,243.44807977809214,243.34056213141199,253.34626060084008,264.2076504810467,254.62318603021868,263.37191410790604,255.8813774674649,245.12999348998935,250.2601438654385,222.3524289860329,211.45770579877126,231.28872957866062,221.8589900638718,234.13915234399377,250.75141383614766,1022.9616576312027,213.08218607367155,191.56209192507094,203.7444597555707,203.60559176395375
1982-01-31T12:00:00.0,222.31108712742787,220.65641460978316,218.34736805233186,212.5146406732319,212.44905659528757,209.40432739799206,222.64373059274277,222.1800878574847,213.6258105240395,210.9095876121133,210.89574237429784,199.4067581520784,199.15771299596645,198.83675521742998,201.77584293785702,199.35739234491857,202.99445447791607,202.29320543448281,204.34938331484557,190.82564023485358
1982-02-01T00:00:00.0,213.23951412340844,206.55577576147078,204.9332373530942,205.6807016305425,203.32292551747184,210.41516745415012,190.65410203089027,189.06358131855174,188.72453929222235,187.75553714860433,181.44048267623918,180.64834386338052,177.95775161435432,185.80320390292707,186.17399772606927,178.5431604372239,177.9722531846196,175.52679394055815,175.30005108109773,174.20192645004687
1982-02-01T12:00:00.0,209.49058966008948,223.5743265615496,222.71736051988066,216.6865754546501,218.4064093250606,210.21122997923467,207.26656948552912,204.67804844379867,202.70152225411817,225.12610389754042,197.31596177797445,1046.3962294948751,202.166923365315,187.4083004479674,188.33240366847667,186.0394134518082,179.81148207694545,180.88866039412184,168.7817612803632,169.15391419489856
1982-02-02T00:00:00.0,204.27520377317205,196.73248775145788,191.66580307384712,195.0900753201032,180.48020141465935,183.80916095203324,183.29670760426612,181.15792208613743,175.05596224901058,173.133887676102,172.80749098497523,172.04445973949652,168.7685110462684,165.84916040115215,164.58008789640928,163.8294923871179,162.2488902849003,161.33036432024142,160.74918670644044,160.16048295016554
1982-02-02T12:00:00.0,184.6730308361017,189.81999776848767,178.78135331244854,172.58889413733561,168.1212450696223,168.05439248849063,166.52781408570783,163.1140479977691,161.93371231261116,160.5779353923484,159.96988737091473,158.95077322605314,158.75787755296523,159.34586833162894,154.07306757741296,153.63099844434166,152.0233929067408,150.44740794938755,148.37479101379773,148.44701807774752
1982-02-03T00:00:00.0,171.34511918512453,165.30956604734234,163.85403933128075,162.61508181266683,159.60729148632714,160.4410788016906,161.41279261057227,158.46367048377425,157.7719752896953,152.28612126909582,143.87647124422114,140.80596196297864,137.46470573640335,133.32053780220429,132.62617979201272,132.6741679376273,130.8318130489023,132.00723290851454,130.84543551403996,131.22357316555716
1982-02-03T12:00:00.0,165.31895254481532,164.6135456932479,162.58767631797812,161.10942475241103,155.70177604628853,154.97102035280778,151.94689584809305,146.14728979753698,143.99821134641957,142.76818332635938,140.19908105396436,139.5005169046059,138.69768417946236,134.05081009378378,136.11106915761377,133.84413161731203,131.57136599845663,133.22085846738779,131.34597415359323,123.55858653311887
1982-02-04T00:00:00.0,149.40374581283237,147.89121497156395,147.07845413007965,146.95529179848975,145.79715878198186,145.51274303544605,144.59031689366458,139.07786941723575,137.58721652007574,137.18443524561965,135.2741312779608,131.68085388032364,132.28830823397487,130.4445051695332,131.62319345842573,129.2120132364585,125.54114626273265,124.03710652801934,122.48000942836956,120.0126746444599
1982-02-04T12:00:00.0,145.98995861232007,144.0742723814292,143.57075178593632,140.6587380812638,138.91367722463892,137.24823903361298,133.2805245958974,130.69604997708439,129.6488820967036,127.3291331297465,125.59909988758423,124.33744923961173,123.1533601581548,121.87091647076582,122.27728459764651,121.33813811942083,120.20635813967421,119.80184462103342,118.18759127331897,120.97880294240102
1982-02-05T00:00:00.0,177.3944301091692,172.7329342942665,170.28293187616075,159.09249454830132,133.10473899337268,131.55616077352303,127.1157546823933,125.46061950796316,123.38184202990912,122.52792320257399,122.00402137886354,120.19900924183659,118.90726403912882,117.29963575920348,116.84117711505424,110.78617774139856,108.74056665589637,108.7901972536206,108.14528364282106,106.51303520746667
1982-02-05T12:00:00.0,171.19260262993234,169.33845749926465,168.36221320665877,167.66861186102727,166.29166648486319,165.70252808401554,164.77441128434663,164.3897936495125,163.86648163877797,162.01495516226777,161.67712172748884,161.4238268956107,160.91685927491108,159.48328205129948,158.20446233582672,158.21439005846207,156.35417398882296,154.7390668973616,154.05355492326746,150.8494315363488
1982-02-06T00:00:00.0,183.5878598098073,176.02019050882245,180.4554087103159,178.35317758188782,172.10265059770583,167.43389165050434,164.28484634452812,158.26560818456102,165.033638178523,155.92969769451733,151.25016147648296,149.27568782040387,146.31391216791675,142.93877337825396,142.6759008678388,141.18121198543614,140.78356804713007,140.37951124953833,139.4276364689364,139.29637422894734
1982-02-06T12:00:00.0,194.1581939585581,194.12959127779837,177.73469689389776,171.08976070477158,169.2765441969681,163.1965561024859,164.7053042283362,160.94902787103834,156.72127563701585,154.75008169161944,153.26643957574143,148.786688685471,148.03162089103398,145.3060169415382,143.67234412082348,141.03050856225224,138.36895059210605,137.76677922149437,135.70576831008484,132.1842283611313
1982-02-07T00:00:00.0,187.67403963986527,187.47488940143774,185.2753266279366,181.77061227145535,179.65241985154452,174.974905447494,171.9208824510022,166.0040536442317,168.67812664270517,162.260305541189,153.41657679609338,149.90275769833332,150.02658081467462,152.94603427546008,152.4717271221981,149.2153125405765,148.86673154696564,148.03425252882855,146.26909108834542,144.64291142189322
1982-02-07T12:00:00.0,174.17114369086957,173.4471756914541,171.28545209867303,168.25471366940323,166.4095031166683,165.22636158162112,162.98023481028855,162.53038331621204,160.3370546385061,159.50654252827894,156.19352148789847,157.4682144457603,155.58810954786082,154.100927704924,153.98747078087104,152.07339889384636,141.13137205690194,140.57416178225262,138.7511500104663,137.09830714249605
1982-02-08T00:00:00.0,174.71773790020865,172.6159964265716,166.7382608213802,169.26982822641372,160.81513919321466,156.1071735306774,153.23275031390287,151.0107794751143,148.20911856613762,146.64430997628978,145.0724810373716,143.57213041979105,141.8971166788988,140.14299033460222,138.8278859416979,137.02338436335992,136.82877128430982,134.95367652127757,133.89280118541976,132.9273002311144
1982-02-08T12:00:00.0,202.68565201733534,207.63101583452615,196.16540225668015,201.4370899150984,192.9345837286603,189.85584969064055,188.74437382742863,178.4442086209601,174.16432886733804,171.2305826772538,163.5304033577407,162.5709416215664,153.3748266312654,150.33722314836257,144.418448719371,139.89156763141773,138.0294497804702,131.1257503113956,129.81464811629834,127.56861453242934
1982-02-09T00:00:00.0,203.83017576896054,205.99618881418192,201.77493990306309,189.59919500642104,186.00233337184864,184.51487717625187,182.32220834987396,182.89553303261243,178.0555298191735,176.42586354344976,183.95558370700576,184.2181039772502,185.72779892356812,170.87818400467552,169.53332426669598,165.61740265242437,167.1236029433223,165.06308735020593,164.65832956733797,158.60957465293723
1982-02-09T12:00:00.0,1117.7382747759384,247.95913800846446,228.84352717039727,247.55678080080986,247.6689452560331,223.27907612946007,217.69526297359425,214.2870984539228,208.15437955805538,199.88129541151662,193.31766487253142,183.39879690041766,182.68265129174173,174.31120492922662,171.49518846165972,170.93791000787192,162.77516883055105,162.47092965292907,154.23912790002134,166.234799301144
1982-02-10T00:00:00.0,258.2084312151491,1104.8988174754734,256.69815394004956,255.8868909753939,244.38918896508847,232.8084061189648,224.22312147863656,206.6485100344481,205.05315608341687,198.71578169432817,194.92866804899074,193.71437677697088,190.68432015660963,189.5543871638652,187.11729638958263,185.87975183367183,185.13431236206577,182.4511026463542,185.0761201410629,181.88455660021066
1982-02-10T12:00:00.0,1120.6205981482897,272.29282776604117,271.423193081042,1093.0779186928871,274.43940081169063,1088.197980934476,1089.644060288809,1087.4387224035145,219.6597782484086,209.83532843832097,205.66721630131798,208.18959591793987,205.9186016335324,196.31674317816984,192.77302417299003,176.86014652535818,178.2795524377471,176.22633971880816,174.20596245969006,173.38760228773478
1982-02-11T00:00:00.0,1140.0469842420098,1150.3967453212201,1111.8159019629131,1112.1171152617492,1104.621663437447,422.38205434815376,423.93072941305326,1092.1814045736567,1097.670608138764,270.59416134626355,1080.4763264005437,1093.5590148431866,1087.095053125311,1061.1843095699821,1060.2082440098843,1058.940457023988,195.35424751830516,194.41344034489083,189.19339431244126,182.75934279427167
1982-02-11T12:00:00.0,1093.3905651079376,419.2374535854491,1113.5899572082747,1112.8358700404658,1124.8339208761922,1130.8165391549462,1081.572931169514,1077.3781080637707,1075.177946959935,1076.0371818222704,1061.8358086870335,1071.0883880360243,1069.7262782697935,1048.5646606048413,1045.3034217073282,1045.0592675536614,1124.806294667501,1056.1582655564393,1166.0514275657868,1051.6024413391456
1982-02-12T00:00:00.0,1164.480263008183,1108.5136947454416,374.6219306052524,1106.488039230992,1105.2334083732862,1110.114904823206,1100.3148531089948,1092.3170578536483,1092.0622812766726,1101.0251741572051,1088.0685278786939,1061.8907744329124,1060.7789656743387,1124.9336006339806,274.16320403399067,1078.8952647425078,227.13594529751268,1074.7343012999968,1073.4486982652577,1070.8163944495748
1982-02-12T12:00:00.0,1170.424382621973,331.08813769998665,329.67348902906474,1144.1055241337808,351.98032180584534,352.72240278575214,364.3902344944073,1077.0820234014711,1084.1829926081673,1067.9874289765855,1068.3486364497003,1075.6265501128896,1090.031856975813,1103.6592999626778,251.7146575398665,1068.0295049484535,1908.729075810375,1059.242879071656,1058.4613571336881,204.15421439196876
1982-02-13T00:00:00.0,1101.0912571841764,337.75775719824964,1132.2990207534208,1129.9991899375302,1131.8293424570331,315.77171869578837,1110.6822705094944,327.7045396738968,1144.571065839682,1130.2922674552424,312.1994044236638,313.14463837926877,1063.4011610871141,1895.0452146532266,1068.5185712122166,1064.4609549647953,1055.1974350497628,1064.5137005660222,303.28778194600545,1219.5202595906567
1982-02-13T12:00:00.0,349.55156916292486,332.30034993593705,336.177912533189,336.7225055208666,1114.7540228968082,340.7290440928388,328.4521960806137,1077.6979338528663,335.8897176689224,315.48995449092666,313.7474114106059,312.4281795043999,315.17679279124127,311.5554925514926,1058.7707951326938,1053.9856235624156,1052.7575938843074,1046.1773651769327,1045.0612519555555,1049.105078114206
1982-02-14T00:00:00.0,327.9097664388586,327.75446464779765,324.3350441182477,322.8339242097065,321.8845453543083,313.637839867146,308.9443830552023,304.7691488305267,298.8431424076511,301.08507048904534,295.7009649546755,294.69331088730434,294.8382362100982,293.60583732345543,294.4152750402861,303.314550080374,295.50121791564465,295.2065371301669,1076.5717968742683,1042.01094140746
1982-02-14T12:00:00.0,290.40468903235904,287.5875743001875,296.0795276849283,286.90762024756935,284.50546875724467,282.19404146379395,282.31666143704285,282.43740608623926,279.0117359099973,288.62028659656414,287.85703821971254,284.2314453974023,281.09566985525163,288.54379740010603,280.9182576113666,284.7909060352386,272.82457201738055,268.3498727875572,266.11240516715475,266.0191732784571
1982-02-15T00:00:00.0,281.983522994502,272.13171955449167,269.42177491082316,271.59228685576994,267.55085407686397,262.7987421651083,258.20421691080674,258.58206063864577,256.1094788712705,263.9051070125022,260.79195005608767,260.2436158266608,256.32175805924726,252.7586902263872,250.7009605537214,250.44752242509804,249.93103725067135,249.8485067948444,248.25075437530285,251.51456096035793
1982-02-15T12:00:00.0,266.5155848190843,265.10685048941883,264.57761041795914,263.651245669832,262.920920004257,256.79480632586996,254.8436209936897,250.1194142342884,242.26442486064374,239.2759547038051,238.54977506005102,235.0870278245428,234.09632341945803,229.60021548258095,228.40707591729648,229.33465382015484,226.36932072702112,226.06674928470156,224.6605342962158,223.10777929837766
1982-02-16T00:00:00.0,250.1944572922037,245.59261163176956,247.46630735212196,242.29539206154698,242.08658302415807,240.7529006927924,236.87659083333074,239.00178873126774,238.0579434533397,234.26850256934614,229.60371824142084,227.0075675511206,225.78987586306644,220.9698205993264,219.7547022361494,216.69432666286815,212.92917235345396,209.65142194493876,207.98947146531236,206.74834603719086
1982-02-16T12:00:00.0,239.53595288350093,236.58433810452863,236.65718948583063,235.7710359970131,235.2916107426983,234.15985772649438,223.58747857023513,224.08935987690984,221.813397525592,220.03479383530546,217.22439839316027,215.2067101459363,214.60776705763374,212.76145038566054,211.60997561790765,206.29244145430292,207.6655039400399,206.38841506400934,202.11936116623352,211.19965115804615
1982-02-17T00:00:00.0,223.7468368499896,222.04431851334118,221.16936606237368,219.2811036075328,217.03998032413506,216.93974745017616,215.49055153794427,214.77709744336013,213.80330073413708,214.76398688552246,211.1903603249305,213.8676275358444,213.21460671143154,209.87609126969093,205.2844626421902,204.3508205426117,200.7487761476328,204.81900983670872,202.4074018264278,200.31975649133503
1982-02-17T12:00:00.0,215.14624193180546,218.14553903160467,213.22293500218277,208.82727308408008,208.09342463693287,206.17390405169553,203.5295814648187,203.0604464369936,200.3807999761466,198.1380682039396,197.7137188311933,197.25681339008162,195.83793134476932,192.82058104738445,192.9215902587147,191.9938844742739,189.3383608414573,188.750042142248,187.20391533890165,185.734913750836
1982-02-18T00:00:00.0,205.9433868521122,210.13449425119742,203.52907315169932,202.30891203836504,201.34744880358963,199.67042506519346,194.7810614463889,191.85657663214894,188.80040476641517,188.9693731724853,187.29991208530248,185.7484163639441,183.16093969500824,182.30764986881434,180.96006183613807,180.2574923600573,179.40515991107077,177.9378519303679,177.61379400350452,176.15058300532237
1982-02-18T12:00:00.0,201.53538324222555,199.9512103164157,196.77996284186634,194.39041240479855,199.06660780800217,203.40161383411353,202.35891970982237,201.08948033430838,199.63947955494132,198.69028673352693,193.96549976317309,173.95920243135313,193.00518388720826,170.1560018505183,168.24965225301565,166.34947723014548,165.5015700270574,164.0191319509979,162.74815324226117,160.5918719424723
1982-02-19T00:00:00.0,219.3496006496998,221.8808901606562,216.15131145142536,199.9639455966772,191.40465930932984,184.69079191767497,182.4475764042329,174.1576007865751,179.25103861104083,172.85748384286367,170.4824315649245,166.90976823750742,165.41514212699883,163.94716335931628,162.24159319474563,161.41019348204583,159.04910590896537,157.49519355040874,154.3774928626619,153.10656750353476
1982-02-19T12:00:00.0,216.5259199433519,211.39928806188487,209.06868835312923,201.75778825758053,200.99336331106133,198.67100336646308,195.70249734966754,195.56161075886325,193.28774923197716,192.03792088074758,190.23955331736624,189.0259927654758,188.19585630482817,184.93938568819547,171.61852614838006,166.81367565201694,163.5493832487597,160.33619137341694,157.3149215204229,155.75738935825467
1982-02-20T00:00:00.0,249.07126181603795,235.2851887110566,229.70335283342393,228.03834124350607,226.79165280058982,225.0680847193964,221.37441756920524,209.72592648951667,209.42705510741195,176.82291505225302,175.17135035463247,175.10473194310927,173.98178400565905,173.38262203386233,171.00382955964335,170.2756628587137,170.71203331637633,170.20639441859265,167.4896545872422,166.97084391552883
1982-02-20T12:00:00.0,245.78269347034484,239.55466444015252,234.8018775861541,232.528381531079,232.89132513065897,228.02819422758856,226.65775551793286,223.9147791159224,224.04038796275674,223.33635786535012,222.24805412859948,221.9277707393107,213.79345227501338,211.5862212626062,210.54349165579086,206.54239526288845,203.42423566508404,198.34753459272363,196.43801470034887,195.40701056003542
1982-02-21T00:00:00.0,236.56759539635516,234.25463081602922,230.68224484804801,226.04619808691277,227.28707051291263,218.63635803155012,218.97415769934415,210.97584439308426,209.5853340626246,214.407095600379,209.53911653306633,205.57237194598693,201.46235689765092,202.1971400407979,197.94328589517147,201.1789308132706,200.03602368738942,197.1363745936639,193.55586532713878,192.19654893808212
1982-02-21T12:00:00.0,233.98637242421526,228.62748369810666,219.17905003656293,216.0944137075707,215.72640011417215,214.93651831568624,212.42236242755467,209.31289071606392,205.79338177485585,203.48976613107885,199.65144433062736,193.86740309628397,191.21338182935025,189.23862557844606,187.59560720115033,187.3265153595593,185.33407711972873,183.89461761595487,181.04988784872256,176.40863350838634
1982-02-22T00:00:00.0,238.45253791341946,225.58998367567762,216.90028453445376,210.2933290487071,205.4472659304467,201.4151124411004,195.13892058033483,193.26628491993924,189.51932255265953,187.54957289269174,184.7770613396856,181.8309209461364,180.2568044715855,178.66534143179214,175.21371796795776,173.64940279392988,171.53199185035268,168.90699898262164,167.60622657356168,164.38864939538652
1982-02-22T12:00:00.0,279.1530121309021,283.6564409334179,273.73095181029083,272.21649803799573,211.67449051278552,205.02030106243453,203.00755413720614,188.67111795076408,184.192731461476,182.7235809817265,177.47244076371456,175.6969073019782,172.22001688083986,170.51763506141575,166.26456452360625,166.35195071606654,163.53603584137664,162.04288828398353,159.97517091624485,159.05823819160364
1982-02-23T00:00:00.0,274.3251178946069,268.6860140115921,265.3259321179443,266.88966350352547,263.86948509093247,263.3551476076509,260.58367077520853,201.81516317051077,188.19095969120323,187.77512736190653,181.0458842922082,178.93991558506758,170.78874608784778,164.96762976564818,161.31508095259187,157.9474778396915,155.34555772543493,151.64574252045827,149.77573044470859,148.0639312859668
1982-02-23T12:00:00.0,268.5724607548179,267.12644867828527,265.72615519478387,257.7372680759031,271.5239463538565,279.6486421143509,268.25981197072673,265.44586192067993,263.2349996639067,251.29943701966258,243.19673262744533,236.54815988498143,236.85097887603703,234.80415938149923,235.36116180402485,234.49193494278225,165.6227423451211,234.9080921766165,157.5865989439839,151.06534013503858
1982-02-24T00:00:00.0,272.81363236030273,271.3042657985783,269.39047244569036,268.4489056274214,266.2122863648661,261.8569698498722,268.55269901563304,268.37275842906314,330.52258147444513,250.34868605155015,243.39695718543064,246.33556328272712,244.6861601735224,233.33661473953845,240.07852892865532,235.30975015932285,235.4659543615199,230.57346566410612,229.68145834687425,223.7439240942191
1982-02-24T12:00:00.0,264.8936653108834,256.95337371198707,255.01694716415588,263.8212744377082,263.6630093581667,273.1856139333169,246.15961425946244,244.39891968357563,243.96762184505957,238.5500512235506,244.54509930384194,237.0810997618912,231.50723657604968,230.6779834265249,1024.9150162405194,221.41833222932274,220.38728702650548,223.2280252590878,224.42044951667097,224.29231106756666
1982-02-25T00:00:00.0,248.67307856953175,245.24301794396925,243.69440832413417,242.46765193873358,242.19086328395645,232.82568661911736,233.43454878651534,231.2129480149995,228.29552539593368,228.30608397996176,228.21464418579612,232.65443090200074,226.8775291289087,222.54404875003,223.77952630196148,221.93828929606988,207.91270535031612,204.6079144775826,207.15720389657085,211.13637125540347
1982-02-25T12:00:00.0,272.78810758736194,238.20362271974113,229.82232691877226,229.81815724509264,227.34063161042252,227.29828178391224,225.40753478996834,224.17822464103992,220.88693024213148,215.09258521402185,213.92715330483975,207.8998004601295,211.68262867318006,209.52238940335135,209.5410017978564,203.32132461263552,202.14353272377423,200.93605410276805,201.4409673024955,199.17494561965646
1982-02-26T00:00:00.0,220.90233027693816,217.71909382961388,212.9384480074167,209.229088333298,209.13872411884196,206.5432593844582,205.08489314762483,202.79896186134582,201.48116121041969,199.7850531115621,198.90393672540276,197.4006256500869,197.63870618870217,190.07281280200556,189.97827738118593,187.49861306850497,185.1164059115052,181.13404612233046,184.62349423183704,183.85250519222802
1982-02-26T12:00:00.0,199.9221024872363,191.73278282924275,191.57578360984996,187.89139361822083,185.50222635567357,183.87457947742146,182.86142476261227,181.39014986056748,179.6977363865208,176.1862568463187,176.53162669781125,173.84900981598966,169.5991610235732,168.15097391060723,168.00281280333138,167.01191099655742,164.99101106999768,162.19718231809898,160.9734694870324,159.33071555778898
1982-02-27T00:00:00.0,183.1654089928406,177.5287271768619,173.8543206912827,173.37813073103112,169.23217431233272,165.86247929463352,163.65809814482535,162.33739964990548,161.23754418974303,159.8386425973799,158.23763865848298,156.80858060335527,155.91126382643643,154.37826438784873,152.7273226648578,151.9312391150047,149.57407493590904,148.56742498830627,147.9423184798112,146.6256454213107
1982-02-27T12:00:00.0,170.70388836215366,164.97442436126312,163.0029446273389,158.45984143870265,152.60097724380793,147.72498616655642,144.8829015341596,143.93603207966746,141.9191642701088,140.1222536519801,138.66492182681435,138.34187266131937,136.68315406736608,134.98657185294357,133.49844887121358,132.69619584978196,131.57565347468457,130.47636864973808,130.08220393826716,128.59783383525595
1982-02-28T00:00:00.0,169.07077932222552,168.43590632491083,160.58828172642103,157.12045388739637,152.7964225984882,152.15132566464123,150.76958652689825,147.05022777713233,148.83022516182106,147.1623897949117,144.17113317749894,136.87337131973283,132.23841567205,127.54240538754364,124.07755071648997,120.8921426704859,119.34943806790284,117.45472706456357,115.25623894814998,114.13516160458131
1982-02-28T12:00:00.0,172.06213929214312,160.30142117300008,158.21830020329392,153.42914049096643,151.04154129121147,143.45433813228178,143.12125496869697,142.42975405834522,138.08714159120208,135.3845416912276,131.20880784137836,130.61620084095478,129.60341162323527,127.25813086838323,125.89881996884681,124.472273989759,123.10091171692991,125.30093550723632,122.42185715575802,119.59326066773099
1982-03-01T00:00:00.0,158.39812904208634,158.28392371032876,157.3306807258289,155.28857342349647,153.99305921042222,151.8867364938225,150.89077314137364,148.49223111594858,152.28414502469028,150.3615521500764,148.93148547228432,136.84193635064375,133.72008359300847,130.73100664458596,126.26966398064285,122.79812822414522,119.20667729698458,116.67831561151614,115.80130866613104,112.43435411134608
