x1,x2
-158.157581,-19.694904
-158.245126,-19.788722
-158.332638,-19.882545
-158.420114,-19.976375
-158.507556,-19.818932
-158.594962,-19.661397
-158.682335,-19.50377
-158.769672,-19.34605
-158.856976,-19.188239
-158.944244,-19.030336
-159.031478,-18.872341
-159.118678,-18.714255
-159.205843,-18.556077
-159.292974,-18.397809
-159.38007,-18.239449
-159.467132,-18.080998
-159.55416,-17.922456
-159.641153,-17.763824
-159.728112,-17.605101
-159.815037,-17.446288
-159.901928,-17.287384
-159.988785,-17.12839
-160.075607,-16.969307
-160.162396,-16.810133
-160.24915,-16.65087
-160.33587,-16.491518
-160.422557,-16.45829
-160.509209,-16.425024
-160.595828,-16.391719
-160.682413,-16.358375
-160.768964,-16.324993
-160.855481,-16.291571
-160.941965,-16.258111
-161.028415,-16.224613
-161.114831,-16.191076
-161.201213,-16.1575
-161.287562,-16.123887
-161.373878,-16.090235
-161.46016,-16.056546
-161.546408,-16.022818
-161.632624,-15.989053
-161.718805,-15.955249
-161.804954,-15.794806
-161.891069,-15.634276
-161.977151,-15.473659
-162.063199,-15.312954
-162.149215,-15.405571
-162.235197,-15.498196
-162.321147,-15.590832
-162.407063,-15.683477
-162.492946,-15.776131
-162.578797,-15.868795
-162.664614,-15.707791
-162.750399,-15.546702
-162.836151,-15.385526
-162.92187,-15.224265
-163.007556,-15.062919
-163.093209,-14.901488
-163.17883,-14.739971
-163.264419,-14.578369
-163.349975,-14.416683
-163.435498,-14.509044
-163.520989,-14.601415
-163.606447,-14.693797
-163.691873,-14.786189
-163.777267,-14.878591
-163.862629,-14.971005
-163.947958,-15.063428
-164.033255,-15.155863
-164.11852,-15.248307
-164.203753,-15.340763
-164.288954,-15.433229
-164.374123,-15.525706
-164.45926,-15.618193
-164.544365,-15.710692
-164.629438,-15.803201
-164.71448,-15.89572
-164.79949,-15.988251
-164.884468,-16.080792
-164.969414,-16.173344
-165.054329,-16.265907
-165.139212,-16.358481
-165.224064,-16.451065
-165.308885,-16.54366
-165.393674,-16.636267
-165.478431,-16.728884
-165.563158,-16.566281
-165.647853,-16.403596
-165.732517,-16.240829
-165.81715,-16.077981
-165.901752,-16.170481
-165.986323,-16.262991
-166.070862,-16.355513
-166.155371,-16.448046
-166.239849,-16.54059
-166.324297,-16.633145
-166.408713,-16.725712
-166.493099,-16.690426
-166.577454,-16.655107
-166.661779,-16.619756
-166.746073,-16.584371
-166.830336,-16.548954
-166.914569,-16.513504
-166.998772,-16.478022
-167.082945,-16.442507
-167.167087,-16.406959
-167.251199,-16.37138
-167.335281,-16.335768
-167.419332,-16.300124
-167.503354,-16.264448
-167.587346,-16.228741
-167.671307,-16.193001
-167.755239,-16.15723
-167.839141,-16.121427
-167.923014,-16.085592
-168.006856,-16.049726
-168.090669,-16.013828
-168.174453,-15.977899
-168.258207,-15.941939
-168.341931,-15.905948
-168.425626,-15.869926
-168.509292,-15.833873
-168.592928,-15.797788
-168.676535,-15.761673
-168.760113,-15.725528
-168.843662,-15.689352
-168.927182,-15.653145
-169.010673,-15.616908
-169.094134,-15.58064
-169.177567,-15.544342
-169.260972,-15.508014
-169.344347,-15.471656
-169.427694,-15.435268
-169.511012,-15.39885
-169.594301,-15.362402
-169.677562,-15.325924
-169.760795,-15.289417
-169.843999,-15.25288
-169.927175,-15.216314
-170.010322,-15.050918
-170.093441,-15.014272
-170.176533,-14.977596
-170.259596,-14.812025
-170.342631,-14.646381
-170.425638,-14.480664
-170.508617,-14.314874
-170.591568,-14.149011
-170.674492,-13.983076
-170.757388,-13.817068
-170.840256,-13.909037
-170.923097,-14.001019
-171.00591,-14.093014
-171.088695,-14.185021
-171.171454,-14.277041
-171.254185,-14.369074
-171.336888,-14.461119
-171.419565,-14.553177
-171.502214,-14.386885
-171.584836,-14.220522
-171.667432,-14.054088
