x1,x2
-158.157581,-19.694904
-158.245126,-19.788722
-158.332638,-19.882545
-158.420114,-19.976375
-158.507556,-20.070211
-158.594962,-20.164053
-158.682335,-20.2579
-158.769672,-20.351754
-158.856976,-20.194154
-158.944244,-20.036461
-159.031478,-20.130243
-159.118678,-20.224032
-159.205843,-20.317826
-159.292974,-20.411628
-159.38007,-20.505436
-159.467132,-20.599251
-159.55416,-20.693072
-159.641153,-20.535016
-159.728112,-20.37687
-159.815037,-20.218632
-159.901928,-20.060304
-159.988785,-19.901885
-160.075607,-19.86945
-160.162396,-19.836974
-160.24915,-19.80446
-160.33587,-19.771905
-160.422557,-19.739311
-160.509209,-19.706678
-160.595828,-19.674006
-160.682413,-19.641294
-160.768964,-19.482274
-160.855481,-19.323164
-160.941965,-19.163965
-161.028415,-19.004677
-161.114831,-18.8453
-161.201213,-18.938631
-161.287562,-19.031971
-161.373878,-19.125318
-161.46016,-19.218674
-161.546408,-19.312038
-161.632624,-19.40541
-161.718805,-19.498791
-161.804954,-19.592181
-161.891069,-19.685578
-161.977151,-19.778985
-162.063199,-19.872399
-162.149215,-19.965823
-162.235197,-20.059255
-162.321147,-20.152695
-162.407063,-19.992722
-162.492946,-19.70592
-162.578797,-19.545746
-162.664614,-19.639067
-162.750399,-19.732396
-162.836151,-19.825734
-162.92187,-19.919082
-163.007556,-19.758679
-163.093209,-19.852
-163.17883,-19.818405
-163.264419,-19.784772
-163.349975,-19.751103
-163.435498,-19.717397
-163.520989,-19.683655
-163.606447,-19.649876
-163.691873,-19.616061
-163.777267,-19.455115
-163.862629,-19.294084
-163.947958,-19.132968
-164.033255,-18.971767
-164.11852,-18.810481
-164.203753,-18.903552
-164.288954,-18.742147
-164.374123,-18.580658
-164.45926,-18.419084
-164.544365,-18.257427
-164.629438,-18.350373
-164.71448,-18.44333
-164.79949,-18.536296
-164.884468,-18.501865
-164.969414,-18.467399
-165.054329,-18.432898
-165.139212,-18.398362
-165.224064,-18.363791
-165.308885,-18.329187
-165.393674,-18.294547
-165.478431,-18.259873
-165.563158,-18.225165
-165.647853,-18.190423
-165.732517,-18.155647
-165.81715,-18.120836
-165.901752,-18.085992
-165.986323,-18.051114
-166.070862,-18.016202
-166.155371,-17.981256
-166.239849,-17.946277
-166.324297,-17.911265
-166.408713,-17.876218
-166.493099,-17.713289
-166.577454,-17.550278
-166.661779,-17.515087
-166.746073,-17.479862
-166.830336,-17.444604
-166.914569,-17.409314
-166.998772,-17.373991
-167.082945,-17.338635
-167.167087,-17.303247
-167.251199,-17.267826
-167.335281,-17.232373
-167.419332,-17.196887
-167.503354,-17.161369
-167.587346,-17.125819
-167.671307,-17.090237
-167.755239,-17.054624
-167.839141,-17.018978
-167.923014,-16.855061
-168.006856,-16.691066
-168.090669,-16.526993
-168.174453,-16.362842
-168.258207,-16.198614
-168.341931,-16.034308
-168.425626,-15.869926
-168.509292,-15.705466
-168.592928,-15.54093
-168.676535,-15.504771
-168.760113,-15.468581
-168.843662,-15.432361
-168.927182,-15.39611
-169.010673,-15.359829
-169.094134,-15.323517
-169.177567,-15.287175
-169.260972,-15.250804
-169.344347,-15.214402
-169.427694,-15.17797
-169.511012,-15.141508
-169.594301,-15.105017
-169.677562,-15.068496
-169.760795,-15.031945
-169.843999,-14.995365
-169.927175,-14.958756
-170.010322,-14.922117
-170.093441,-14.885449
-170.176533,-14.848751
-170.259596,-14.812025
-170.342631,-14.77527
-170.425638,-14.738486
-170.508617,-14.701673
-170.591568,-14.664831
-170.674492,-14.627961
-170.757388,-14.462066
-170.840256,-14.425118
-170.923097,-14.388141
-171.00591,-14.351136
-171.088695,-14.314102
-171.171454,-14.277041
-171.254185,-14.239952
-171.336888,-14.202834
-171.419565,-14.165689
-171.502214,-14.128517
-171.584836,-14.091316
-171.667432,-14.054088
