x1,x2
-158.147905,-19.649169
-158.225782,-19.732535
-158.303632,-19.815907
-158.381455,-19.675985
-158.45925,-19.53599
-158.537017,-19.395922
-158.614757,-19.255781
-158.69247,-19.115568
-158.770155,-18.975282
-158.847813,-18.946697
-158.925443,-18.806286
-159.003047,-18.665803
-159.080623,-18.525248
-159.158171,-18.38462
-159.235693,-18.24392
-159.313187,-18.103148
-159.390654,-17.962304
-159.468094,-17.821388
-159.545507,-17.6804
-159.622892,-17.539341
-159.700251,-17.39821
-159.777582,-17.257007
-159.854886,-17.115733
-159.932164,-16.974388
-160.009414,-16.832972
-160.086637,-16.691484
-160.163834,-16.549926
-160.241003,-16.408297
-160.318146,-16.378761
-160.395262,-16.349195
-160.47235,-16.319598
-160.549412,-16.28997
-160.626448,-16.260311
-160.703456,-16.230621
-160.780438,-16.200901
-160.857393,-16.17115
-160.934321,-16.141368
-161.011223,-16.111556
-161.088098,-16.081714
-161.164946,-16.051841
-161.241768,-16.021938
-161.318564,-15.992005
-161.395332,-15.962042
-161.472075,-15.932049
-161.548791,-15.902025
-161.62548,-15.871972
-161.702143,-15.72938
-161.77878,-15.586718
-161.85539,-15.443988
-161.931974,-15.301189
-162.008531,-15.3835
-162.085063,-15.465818
-162.161568,-15.548144
-162.238047,-15.630477
-162.3145,-15.712818
-162.390927,-15.795166
-162.467327,-15.877522
-162.543702,-15.734457
-162.62005,-15.591324
-162.696372,-15.448123
-162.772669,-15.304854
-162.848939,-15.161517
-162.925184,-15.018112
-163.001403,-14.874641
-163.077595,-14.731101
-163.153762,-14.587495
-163.229904,-14.443821
-163.306019,-14.30008
-163.382109,-14.38214
-163.458173,-14.464208
-163.534211,-14.546285
-163.610224,-14.62837
-163.686211,-14.710463
-163.762172,-14.792564
-163.838108,-14.874674
-163.914019,-14.956792
-163.989904,-15.038919
-164.065763,-15.121053
-164.141597,-15.203196
-164.217406,-15.285348
-164.29319,-15.367508
-164.368948,-15.449676
-164.444681,-15.531853
-164.520388,-15.614038
-164.596071,-15.696232
-164.671728,-15.778434
-164.74736,-15.860645
-164.822967,-15.942864
-164.898549,-16.025092
-164.974106,-16.107328
-165.049638,-16.189573
-165.125146,-16.271826
-165.200628,-16.354088
-165.276085,-16.436359
-165.351517,-16.518638
-165.426925,-16.600926
-165.502308,-16.45638
-165.577666,-16.311769
-165.652999,-16.167093
-165.728308,-16.022353
-165.803592,-15.877549
-165.878852,-15.732681
-165.954087,-15.587748
-166.029297,-15.669867
-166.104483,-15.751994
-166.179644,-15.834131
-166.254782,-15.916276
-166.329894,-15.998431
-166.404983,-15.853309
-166.480047,-15.821787
-166.555087,-15.790238
-166.630102,-15.758664
-166.705094,-15.727063
-166.780061,-15.695437
-166.855004,-15.663786
-166.929924,-15.632108
-167.004819,-15.600405
-167.07969,-15.568677
-167.154537,-15.536923
-167.22936,-15.505143
-167.30416,-15.473339
-167.378936,-15.441509
-167.453687,-15.409654
-167.528415,-15.377773
-167.60312,-15.345868
-167.6778,-15.313938
-167.752458,-15.281982
-167.827091,-15.250002
-167.901701,-15.217997
-167.976287,-15.185967
-168.05085,-15.153913
-168.12539,-15.121834
-168.199906,-15.08973
-168.274399,-15.057602
-168.348868,-15.025449
-168.423315,-14.993272
-168.497738,-14.96107
-168.572137,-14.928845
-168.646514,-14.896595
-168.720868,-14.864321
-168.795198,-14.832023
-168.869506,-14.799701
-168.94379,-14.767355
-169.018052,-14.734985
-169.09229,-14.702591
-169.166506,-14.670173
-169.240699,-14.637732
-169.314869,-14.605267
-169.389017,-14.572779
-169.463142,-14.540267
-169.537244,-14.507732
-169.611324,-14.475173
-169.685381,-14.442591
-169.759415,-14.409985
-169.833428,-14.377357
-169.907417,-14.344705
-169.981384,-14.31203
-170.055329,-14.279332
-170.129252,-14.246611
-170.203153,-14.213868
-170.277031,-14.066544
-170.350887,-13.919163
-170.424721,-13.771724
-170.498533,-13.624227
-170.572322,-13.476674
-170.64609,-13.329063
-170.719836,-13.181395
-170.79356,-13.263035
-170.867262,-13.344685
-170.940943,-13.426345
-171.014601,-13.508015
-171.088238,-13.589695
-171.161853,-13.671386
-171.235447,-13.753086
-171.309019,-13.834797
-171.382569,-13.916518
-171.456098,-13.998249
-171.529606,-14.07999
-171.603092,-14.161741
-171.676557,-14.013766
