x1,x2
-158.128512,-19.641409
-158.187009,-19.703904
-158.24549,-19.766401
-158.303955,-19.828901
-158.362405,-19.891403
-158.42084,-19.953908
-158.479259,-19.848914
-158.537662,-19.743878
-158.59605,-19.638802
-158.654423,-19.533684
-158.71278,-19.428525
-158.771122,-19.323325
-158.829448,-19.218084
-158.887759,-19.112802
-158.946054,-19.00748
-159.004334,-18.902116
-159.062599,-18.796712
-159.120848,-18.691267
-159.179082,-18.585781
-159.237301,-18.480255
-159.295504,-18.374688
-159.353692,-18.26908
-159.411864,-18.163432
-159.470021,-18.057743
-159.528163,-17.952014
-159.58629,-17.846244
-159.644401,-17.740434
-159.702497,-17.634583
-159.760578,-17.528693
-159.818643,-17.422762
-159.876693,-17.316791
-159.934728,-17.210779
-159.992748,-17.104728
-160.050753,-16.998636
-160.108742,-16.892504
-160.166716,-16.786333
-160.224675,-16.680121
-160.282619,-16.573869
-160.340547,-16.467578
-160.398461,-16.445382
-160.456359,-16.423169
-160.514242,-16.400938
-160.57211,-16.37869
-160.629963,-16.356425
-160.687801,-16.334142
-160.745624,-16.311842
-160.803431,-16.289524
-160.861224,-16.26719
-160.919002,-16.244838
-160.976764,-16.222469
-161.034512,-16.200083
-161.092244,-16.177679
-161.149961,-16.155259
-161.207664,-16.132821
-161.265351,-16.110367
-161.323024,-16.087895
-161.380681,-16.065407
-161.438324,-16.042901
-161.495952,-16.020379
-161.553564,-15.997839
-161.611162,-15.975283
-161.668745,-15.95271
-161.726313,-15.845736
-161.783867,-15.738724
-161.841405,-15.631673
-161.898928,-15.524583
-161.956437,-15.417454
-162.013931,-15.479166
-162.07141,-15.540883
-162.128874,-15.602604
-162.186323,-15.664329
-162.243758,-15.726058
-162.301178,-15.787791
-162.358583,-15.849528
-162.415974,-15.91127
-162.473349,-15.973016
-162.53071,-16.034766
-162.588057,-15.927439
-162.645388,-15.820075
-162.702705,-15.712672
-162.760007,-15.605231
-162.817295,-15.497751
-162.874568,-15.390234
-162.931826,-15.282678
-162.98907,-15.175084
-163.046299,-15.067452
-163.103514,-14.959783
-163.160714,-14.852075
-163.2179,-14.744329
-163.275071,-14.636546
-163.332227,-14.528725
-163.389369,-14.590261
-163.446497,-14.651803
-163.503609,-14.713349
-163.560708,-14.774899
-163.617792,-14.836454
-163.674862,-14.898014
-163.731917,-14.959578
-163.788958,-15.021147
-163.845984,-15.082721
-163.902996,-15.144299
-163.959994,-15.205882
-164.016977,-15.26747
-164.073946,-15.329062
-164.1309,-15.390659
-164.187841,-15.452261
-164.244767,-15.513868
-164.301678,-15.575479
-164.358576,-15.637094
-164.415459,-15.698715
-164.472328,-15.76034
-164.529183,-15.82197
-164.586023,-15.883605
-164.64285,-15.945244
-164.699662,-16.006888
-164.75646,-16.068537
-164.813243,-16.130191
-164.870013,-16.191849
-164.926769,-16.253512
-164.98351,-16.31518
-165.040238,-16.376853
-165.096951,-16.438531
-165.15365,-16.500213
-165.210335,-16.5619
-165.267006,-16.623592
-165.323663,-16.685288
-165.380307,-16.74699
-165.436936,-16.808696
-165.493551,-16.870407
-165.550152,-16.761983
-165.606739,-16.653523
-165.663313,-16.545026
-165.719872,-16.436492
-165.776418,-16.327923
-165.832949,-16.219317
-165.889467,-16.280947
-165.945971,-16.342581
-166.002461,-16.404221
-166.058938,-16.465865
-166.1154,-16.527515
-166.171849,-16.589169
-166.228284,-16.650828
-166.284705,-16.712493
-166.341112,-16.774162
-166.397506,-16.665392
-166.453886,-16.556587
-166.510253,-16.532989
-166.566605,-16.509377
-166.622944,-16.485751
-166.67927,-16.462109
-166.735581,-16.438454
-166.79188,-16.414783
-166.848164,-16.391098
-166.904435,-16.367398
-166.960693,-16.343684
-167.016936,-16.319956
-167.073167,-16.296212
-167.129384,-16.272455
-167.185587,-16.248683
-167.241777,-16.224897
-167.297953,-16.201096
-167.354116,-16.177281
-167.410266,-16.153452
-167.466402,-16.129608
-167.522525,-16.10575
-167.578634,-16.081878
-167.63473,-16.057992
-167.690813,-16.034092
-167.746882,-16.010177
-167.802938,-15.986248
-167.858981,-15.962305
-167.915011,-15.938349
-167.971027,-15.914378
-168.02703,-15.890393
-168.08302,-15.866394
-168.138996,-15.842381
-168.19496,-15.818354
-168.25091,-15.794314
-168.306847,-15.770259
-168.362771,-15.746191
-168.418682,-15.722108
-168.474579,-15.698012
-168.530464,-15.673902
-168.586335,-15.649779
-168.642194,-15.625641
-168.698039,-15.60149
-168.753872,-15.577326
-168.809691,-15.553147
-168.865498,-15.528955
-168.921291,-15.50475
-168.977072,-15.480531
-169.03284,-15.456298
-169.088594,-15.432052
-169.144336,-15.407792
-169.200065,-15.383519
-169.255781,-15.359232
-169.311485,-15.334932
-169.367175,-15.310619
-169.422853,-15.286292
-169.478518,-15.261952
-169.53417,-15.237598
-169.589809,-15.213232
-169.645436,-15.188852
-169.70105,-15.164459
-169.756651,-15.140052
-169.81224,-15.115633
-169.867816,-15.0912
-169.923379,-15.066754
-169.97893,-14.956437
-170.034468,-14.846086
-170.089993,-14.821582
-170.145506,-14.797064
-170.201006,-14.772534
-170.256494,-14.662083
-170.31197,-14.5516
-170.367432,-14.441083
-170.422883,-14.330535
-170.478321,-14.219954
-170.533746,-14.10934
-170.589159,-13.998694
-170.64456,-13.888016
-170.699948,-13.777306
-170.755324,-13.666563
-170.810688,-13.727806
-170.866039,-13.789054
-170.921378,-13.850308
-170.976705,-13.911568
-171.032019,-13.972833
-171.087322,-14.034104
-171.142612,-14.095381
-171.197889,-14.156663
-171.253155,-14.217951
-171.308408,-14.279245
-171.36365,-14.340544
-171.418879,-14.401848
-171.474096,-14.463159
-171.529301,-14.35223
-171.584494,-14.24127
-171.639674,-14.130279
-171.694843,-14.019256
