x1,x2
-158.113931,-19.614679
-158.157853,-19.661531
-158.201767,-19.708385
-158.245672,-19.75524
-158.289568,-19.802097
-158.333455,-19.848955
-158.377334,-19.895814
-158.421204,-19.942675
-158.465065,-19.989537
-158.508917,-20.036401
-158.552761,-20.083267
-158.596596,-20.130133
-158.640422,-20.177002
-158.68424,-20.223872
-158.728049,-20.270743
-158.771849,-20.317616
-158.81564,-20.36449
-158.859423,-20.411366
-158.903197,-20.458243
-158.946962,-20.505122
-158.990719,-20.552003
-159.034467,-20.598885
-159.078206,-20.645769
-159.121937,-20.692654
-159.165659,-20.739541
-159.209372,-20.660615
-159.253077,-20.707494
-159.296773,-20.754374
-159.34046,-20.801256
-159.384139,-20.848139
-159.427809,-20.895025
-159.471471,-20.941911
-159.515123,-20.9888
-159.558768,-21.03569
-159.602403,-21.082582
-159.64603,-21.129475
-159.689649,-21.17637
-159.733258,-21.097314
-159.776859,-21.018236
-159.820452,-20.939134
-159.864036,-20.86001
-159.907611,-20.780862
-159.951178,-20.701692
-159.994736,-20.6225
-160.038286,-20.543284
-160.081827,-20.464046
-160.125359,-20.384785
-160.168883,-20.305501
-160.212398,-20.289244
-160.255905,-20.272976
-160.299403,-20.256699
-160.342893,-20.240412
-160.386374,-20.224115
-160.429847,-20.207808
-160.473311,-20.191491
-160.516766,-20.112072
-160.560213,-20.03263
-160.603652,-19.953166
-160.647082,-19.87368
-160.690503,-19.794171
-160.733916,-19.714639
-160.777321,-19.635085
-160.820717,-19.555509
-160.864104,-19.47591
-160.907483,-19.396289
-160.950854,-19.316645
-160.994216,-19.236979
-161.037569,-19.15729
-161.080914,-19.07758
-161.124251,-19.124213
-161.167579,-19.170848
-161.210899,-19.217486
-161.25421,-19.264125
-161.297513,-19.184355
-161.340808,-19.230987
-161.384094,-19.277621
-161.427371,-19.324258
-161.47064,-19.370896
-161.513901,-19.417536
-161.557154,-19.464179
-161.600398,-19.510823
-161.643633,-19.55747
-161.68686,-19.604119
-161.730079,-19.650769
-161.773289,-19.697422
-161.816491,-19.744077
-161.859685,-19.790734
-161.90287,-19.837393
-161.946047,-19.884054
-161.989216,-19.930718
-162.032376,-19.977383
-162.075528,-20.024051
-162.118671,-20.07072
-162.161806,-20.117392
-162.204933,-20.037417
-162.248052,-20.084082
-162.291162,-20.067412
-162.334264,-20.050733
-162.377357,-20.034045
-162.420443,-19.953993
-162.46352,-19.937279
-162.506588,-19.920557
-162.549649,-19.903825
-162.592701,-19.887083
-162.635745,-19.870333
-162.67878,-19.790181
-162.721808,-19.710008
-162.764827,-19.629812
-162.807837,-19.549595
-162.85084,-19.469357
-162.893834,-19.389096
-162.93682,-19.308814
-162.979798,-19.291946
-163.022768,-19.211627
-163.065729,-19.131286
-163.108682,-19.050923
-163.151627,-19.034001
-163.194564,-19.017069
-163.237493,-19.000129
-163.280413,-18.983179
-163.323325,-18.966219
-163.366229,-18.949251
-163.409125,-18.932274
-163.452013,-18.915287
-163.494892,-18.834781
-163.537764,-18.817771
-163.580627,-18.800751
-163.623482,-18.783721
-163.666329,-18.766683
-163.709168,-18.686096
-163.751998,-18.605487
-163.794821,-18.524857
-163.837635,-18.444206
-163.880442,-18.363533
-163.92324,-18.28284
-163.96603,-18.202124
-164.008812,-18.248556
-164.051586,-18.167811
-164.094352,-18.087045
-164.13711,-18.006257
-164.179859,-18.052666
-164.222601,-18.099078
-164.265335,-18.145491
-164.30806,-18.191908
-164.350778,-18.238327
-164.393487,-18.284748
-164.436189,-18.203888
-164.478882,-18.250304
-164.521568,-18.169415
-164.564245,-18.088504
-164.606914,-18.134906
-164.649576,-18.181309
-164.692229,-18.227715
-164.734875,-18.274124
-164.777512,-18.320535
-164.820141,-18.366949
-164.862763,-18.413365
-164.905377,-18.39608
-164.947982,-18.378786
-164.99058,-18.361483
-165.033169,-18.344171
-165.075751,-18.326851
-165.118325,-18.309522
-165.160891,-18.292184
-165.203449,-18.274838
-165.245999,-18.257483
-165.288541,-18.240119
-165.331075,-18.222747
-165.373602,-18.205366
-165.41612,-18.187976
-165.458631,-18.170577
-165.501134,-18.15317
-165.543629,-18.135755
-165.586116,-18.118331
-165.628595,-18.100898
-165.671066,-18.083456
-165.71353,-18.066006
-165.755985,-18.048548
-165.798433,-18.031081
-165.840873,-18.013605
-165.883305,-17.996121
-165.92573,-17.978628
-165.968146,-17.961127
-166.010555,-17.943618
-166.052956,-17.926099
-166.095349,-17.908573
-166.137735,-17.891038
-166.180113,-17.873494
-166.222483,-17.855942
-166.264845,-17.838382
-166.307199,-17.820813
-166.349546,-17.803236
-166.391885,-17.785651
-166.434216,-17.768057
-166.47654,-17.750454
-166.518856,-17.668918
-166.561164,-17.587362
-166.603464,-17.505785
-166.645757,-17.424189
-166.688042,-17.406522
-166.730319,-17.388847
-166.772589,-17.371163
-166.814851,-17.353471
-166.857105,-17.335771
-166.899352,-17.318063
-166.941591,-17.300346
-166.983823,-17.282622
-167.026046,-17.264889
-167.068263,-17.247148
-167.110471,-17.229398
-167.152672,-17.211641
-167.194865,-17.193875
-167.237051,-17.176101
-167.279229,-17.158319
-167.3214,-17.140529
-167.363563,-17.122731
-167.405718,-17.104924
-167.447866,-17.08711
-167.490007,-17.069287
-167.53214,-17.051456
-167.574265,-17.033618
-167.616383,-17.015771
-167.658493,-16.997916
-167.700595,-16.980053
-167.742691,-16.962182
-167.784778,-16.944303
-167.826859,-16.926416
-167.868931,-16.908521
-167.910997,-16.890618
-167.953054,-16.808587
-167.995105,-16.726537
-168.037147,-16.708599
-168.079183,-16.690653
-168.121211,-16.672699
-168.163231,-16.654737
-168.205244,-16.572613
-168.24725,-16.490469
-168.289248,-16.408305
-168.331239,-16.326123
-168.373222,-16.243921
-168.415198,-16.161699
-168.457167,-16.079458
-168.499128,-15.997198
-168.541082,-15.914919
-168.583029,-15.83262
-168.624968,-15.750302
-168.6669,-15.732185
-168.708824,-15.714061
-168.750741,-15.695928
-168.792651,-15.677788
-168.834554,-15.65964
-168.876449,-15.641485
-168.918337,-15.623322
-168.960218,-15.605151
-169.002091,-15.586973
-169.043957,-15.568787
-169.085816,-15.550593
-169.127667,-15.532392
-169.169511,-15.514183
-169.211348,-15.495966
-169.253178,-15.477742
-169.295001,-15.459511
-169.336816,-15.441272
-169.378624,-15.423025
-169.420425,-15.404771
-169.462218,-15.386509
-169.504005,-15.36824
-169.545784,-15.349963
-169.587556,-15.331678
-169.629321,-15.313387
-169.671079,-15.295087
-169.712829,-15.276781
-169.754573,-15.258467
-169.796309,-15.240145
-169.838038,-15.221816
-169.87976,-15.20348
-169.921475,-15.185136
-169.963183,-15.166785
-170.004883,-15.148426
-170.046577,-15.13006
-170.088263,-15.111687
-170.129943,-15.093306
-170.171615,-15.074918
-170.21328,-15.056523
-170.254939,-15.03812
-170.29659,-15.01971
-170.338234,-15.001293
-170.379871,-14.982868
-170.421501,-14.964436
-170.463124,-14.945997
-170.50474,-14.927551
-170.546349,-14.909097
-170.587951,-14.890637
-170.629546,-14.872168
-170.671134,-14.853693
-170.712715,-14.835211
-170.754289,-14.816721
-170.795857,-14.798224
-170.837417,-14.77972
-170.87897,-14.761209
-170.920516,-14.742691
-170.962056,-14.724166
-171.003588,-14.705633
-171.045114,-14.687094
-171.086633,-14.604012
-171.128144,-14.520913
-171.169649,-14.502342
-171.211147,-14.483763
-171.252639,-14.465178
-171.294123,-14.446585
-171.3356,-14.427986
-171.377071,-14.344807
-171.418535,-14.261611
-171.459992,-14.24298
-171.501442,-14.224342
-171.542885,-14.205697
-171.584322,-14.187045
-171.625751,-14.103782
-171.667174,-14.020501
-171.708591,-13.937203
