x1,x2
-158.244046,-19.525579
-158.417954,-19.460922
-158.591726,-19.395824
-158.76536,-19.330287
-158.938858,-19.26431
-159.11222,-19.197758
-159.285445,-13.91370200000004
-159.458535,-19.067437
-159.631489,-13.915702000000039
-159.804308,-18.936464
-159.976991,-13.917702000000038
-160.14954,-18.804846
-160.321955,-13.919702000000036
-160.494235,-18.673136
-160.666381,-18.606221
-160.838394,-18.540107
-161.010274,-18.473014
-161.18202,-18.408782
-161.353634,-18.344396
-161.525116,-18.279994
-161.696465,-18.215441
-161.867683,-18.144555
-162.038769,-18.073377
-162.209725,-18.001906
-162.380549,-17.933994
-162.551243,-13.93270200000003
-162.721808,-17.79772
-162.892242,-13.934702000000028
-163.062547,-17.660848
-163.232723,-17.602937
-163.402771,-17.532621
-163.57269,-17.462019
-163.742481,-17.391271
-163.912145,-17.319135
-164.081681,-17.246715
-164.251091,-13.942702000000024
-164.420374,-17.107516
-164.589531,-13.944702000000023
-164.758563,-16.967749
-164.927469,-13.946702000000021
-165.096251,-16.82742
-165.264908,-13.94870200000002
-165.43344,-16.686536
-165.60185,-13.95070200000002
-165.770136,-13.951702000000019
-165.938299,-13.952702000000018
-166.106339,-13.953702000000018
-166.274258,-13.954702000000017
-166.442054,-13.955702000000016
-166.60973,-13.956702000000016
-166.777285,-13.957702000000015
-166.94472,-13.958702000000015
-167.112034,-13.959702000000014
-167.279229,-13.960702000000014
-167.446305,-13.961702000000013
-167.613263,-15.757621
-167.780102,-13.963702000000012
-167.946824,-13.964702000000011
-168.113428,-13.965702000000011
-168.279916,-13.96670200000001
-168.446287,-13.96770200000001
-168.612542,-13.96870200000001
-168.778682,-13.969702000000009
-168.944707,-13.970702000000008
-169.110617,-13.971702000000008
-169.276414,-13.972702000000007
-169.442096,-13.973702000000007
-169.607666,-13.974702000000006
-169.773123,-13.975702000000005
-169.938468,-13.976702000000005
-170.103701,-14.658934
-170.268823,-13.978702000000004
-170.433835,-14.510387
-170.598736,-14.435939
-170.763527,-14.361375
-170.928209,-14.293278
-171.092783,-14.222831
-171.257248,-14.147927
-171.421606,-14.072911
-171.585856,-13.994977
