x1,x2
-158.147905,-19.649169
-158.225782,-19.732535
-158.303632,-19.815907
-158.381455,-19.899282
-158.45925,-19.982663
-158.537017,-20.066048
-158.614757,-19.926033
-158.69247,-19.785944
-158.770155,-19.645783
-158.847813,-19.505548
-158.925443,-19.365242
-159.003047,-19.224862
-159.080623,-19.08441
-159.158171,-18.943886
-159.235693,-18.80329
-159.313187,-18.774512
-159.390654,-18.633792
-159.468094,-18.493
-159.545507,-18.352136
-159.622892,-18.211201
-159.700251,-18.070194
-159.777582,-17.929115
-159.854886,-17.787964
-159.932164,-17.646743
-160.009414,-17.50545
-160.086637,-17.364085
-160.163834,-17.22265
-160.241003,-17.081144
-160.318146,-16.939566
-160.395262,-16.797918
-160.47235,-16.6562
-160.549412,-16.626629
-160.626448,-16.597028
-160.703456,-16.567396
-160.780438,-16.537733
-160.857393,-16.50804
-160.934321,-16.478316
-161.011223,-16.448561
-161.088098,-16.418776
-161.164946,-16.388961
-161.241768,-16.359116
-161.318564,-16.32924
-161.395332,-16.299334
-161.472075,-16.269398
-161.548791,-16.239432
-161.62548,-16.209436
-161.702143,-16.17941
-161.77878,-16.149354
-161.85539,-16.119269
-161.931974,-15.976591
-162.008531,-15.833844
-162.085063,-15.691028
-162.161568,-15.77339
-162.238047,-15.855759
-162.3145,-15.938135
-162.390927,-16.020519
-162.467327,-16.10291
-162.543702,-16.185309
-162.62005,-16.267715
-162.696372,-16.350129
-162.772669,-16.207021
-162.848939,-16.063844
-162.925184,-15.9206
-163.001403,-15.777288
-163.077595,-15.633909
-163.153762,-15.490462
-163.229904,-15.346948
-163.306019,-15.203366
-163.382109,-15.059717
-163.458173,-14.916002
-163.534211,-14.998149
-163.610224,-15.080304
-163.686211,-15.162468
-163.762172,-15.244639
-163.838108,-15.326819
-163.914019,-15.409007
-163.989904,-15.491204
-164.065763,-15.573409
-164.141597,-15.655622
-164.217406,-15.737843
-164.29319,-15.820073
-164.368948,-15.902311
-164.444681,-15.984557
-164.520388,-16.066812
-164.596071,-16.149075
-164.671728,-16.231347
-164.74736,-16.313627
-164.822967,-16.395915
-164.898549,-16.478212
-164.974106,-16.560517
-165.049638,-16.642831
-165.125146,-16.725153
-165.200628,-16.807484
-165.276085,-16.889823
-165.351517,-16.972171
-165.426925,-17.054527
-165.502308,-17.136891
-165.577666,-17.219265
-165.652999,-17.074746
-165.728308,-16.930162
-165.803592,-16.785514
-165.878852,-16.640802
-165.954087,-16.496025
-166.029297,-16.351184
-166.104483,-16.206278
-166.179644,-16.288483
-166.254782,-16.370696
-166.329894,-16.452918
-166.404983,-16.535149
-166.480047,-16.390081
-166.555087,-16.244948
-166.630102,-16.213446
-166.705094,-16.181918
-166.780061,-16.150364
-166.855004,-16.118784
-166.929924,-16.087179
-167.004819,-16.055548
-167.07969,-16.023891
-167.154537,-15.992209
-167.22936,-15.960501
-167.30416,-15.928768
-167.378936,-15.89701
-167.453687,-15.865226
-167.528415,-15.833417
-167.60312,-15.801583
-167.6778,-15.769724
-167.752458,-15.737839
-167.827091,-15.70593
-167.901701,-15.673996
-167.976287,-15.642037
-168.05085,-15.610053
-168.12539,-15.578044
-168.199906,-15.546011
-168.274399,-15.513953
-168.348868,-15.481871
-168.423315,-15.449764
-168.497738,-15.417633
-168.572137,-15.385477
-168.646514,-15.353298
-168.720868,-15.321093
-168.795198,-15.288865
-168.869506,-15.256613
-168.94379,-15.224336
-169.018052,-15.192036
-169.09229,-15.159711
-169.166506,-15.127363
-169.240699,-15.094991
-169.314869,-15.062595
-169.389017,-15.030176
-169.463142,-14.997733
-169.537244,-14.965266
-169.611324,-14.932776
-169.685381,-14.900263
-169.759415,-14.867726
-169.833428,-14.835166
-169.907417,-14.802582
-169.981384,-14.655491
-170.055329,-14.508341
-170.129252,-14.361133
-170.203153,-14.213868
-170.277031,-14.066544
-170.350887,-13.919163
-170.424721,-13.771724
-170.498533,-13.624227
-170.572322,-13.476674
-170.64609,-13.329063
-170.719836,-13.181395
-170.79356,-13.263035
-170.867262,-13.344685
-170.940943,-13.426345
-171.014601,-13.508015
-171.088238,-13.589695
-171.161853,-13.671386
-171.235447,-13.753086
-171.309019,-13.834797
-171.382569,-13.916518
-171.456098,-13.998249
-171.529606,-14.07999
-171.603092,-14.161741
-171.676557,-14.013766
