x1,x2,x3,x4,x5,x6,x7,x8,x9,x10
312.77051734500975,310.45490665571634,276.97381822039466,267.424555496566,262.2905311408816,261.6790646537438,256.99937399523395,253.9910157433549,236.4860358181471,226.04329029998203
308.58910694390227,309.39387582707906,295.34404721507906,289.2840433531283,288.52989870910136,287.79926566557975,267.79372658321785,269.91823768695764,265.9620246370814,263.7186113677743
325.2597160939961,321.6908184761598,309.2514606761592,303.52550441659685,299.9849874050901,297.0666564159081,290.7012206649853,285.00547783245474,280.24251284887936,279.39642463251187
304.0396443043737,289.6557457000315,282.09537606448924,283.24127976822905,282.4011425634422,277.27275963889343,273.7309525625865,267.39796070380254,256.4375947831668,254.98893904419717
281.6919721174132,279.0297194532211,277.7394669876526,262.207198054679,260.33087883540975,246.49018102487418,250.13150364255324,238.1189144521107,234.01707270497883,229.80094232521745
275.92047243004583,272.19212978215506,261.1163970326854,257.837325815299,256.1218573834177,248.22882418972478,240.7703183622585,235.95540197578765,233.61680021019896,226.0707984458706
274.4856841686988,276.67462989522835,273.98658761253705,264.404429403778,256.9083107376121,254.43209702644984,226.31695822459977,222.55020073857173,222.12807020822459,221.30702475684407
280.52990350685036,274.14029083048956,275.3015374642944,265.51477562368626,266.2075469590046,261.04767067670616,244.65894792424885,235.83990880941133,230.14070360195132,230.7006167388743
266.64721544319457,264.82611837780814,260.18094603462123,242.5494802903338,234.08008772055027,233.3498725354566,228.47684623600455,230.98260851749652,226.5302064812966,223.31865543645364
318.03181780967066,313.39142732291793,288.1203374530174,283.65489276229596,286.9315811739683,282.3591897327812,264.2672913178095,259.59124487482666,246.7675655405899,239.09158736407517
