x1,x2,x3,x4,x5,x6,x7,x8,x9,x10
184.52274446474613,111.42160208633531,57.29164966822647,35.656812695692864,37.1945703989586,25.928495529236855,38.530546983010595,54.76811174324111,71.67761662435186,88.8287240957484
112.5677497176578,93.92148062230456,84.63146843279523,50.45251599289806,51.870520266540616,52.07330919933545,52.43807764847699,58.33291249467199,70.80808355142709,84.03943572838932
156.8069376106522,119.5114825208711,114.12228587081596,67.25915722247683,74.78751741087211,75.67890219522869,75.76441670469873,82.23565676171262,92.33145229635764,111.16224292844987
151.57442584030872,166.75395759007,175.58121125186454,98.04579733609181,107.76618058495413,108.31357765414324,108.00321463138042,108.15315668914847,117.22269655220819,138.2293326512484
176.20132060597686,154.51148942316493,135.65037069862768,158.09110678780556,147.04008186835782,149.55659490791962,148.71188982086238,148.1262071634552,150.18775309517935,169.33244206094344
175.23802202949878,162.14822335800045,184.48070675780917,171.67695875920032,174.03592314627844,173.01219958233634,172.22696449250634,174.06945600658415,190.06843735279142,205.37771912373356
193.0769456515914,204.04136610815266,194.93830119577768,196.71671887936301,196.00079220337344,195.04967345765,196.2697078488147,213.550043320574,208.89709637660906,213.58903542616045
214.6312899652404,217.79963257285277,218.46499563887352,220.04717353806174,219.0973638437714,217.87510994264812,218.7872862714682,222.9531505886605,235.02535784293818,237.32518293076885
249.8784047722242,248.1594728162701,249.01450936971526,249.76316409709506,249.07483847472145,247.4887139754739,247.98603667987408,249.22929060195474,255.059330868294,267.5000649084457
280.86163592418893,281.563511886715,282.1283779311296,281.22666137162236,287.54786990433894,287.60355942290886,280.57544256932135,282.0655557152039,288.3122870373559,308.29011148874895
