x1,x2,x3,x4,x5,x6,x7,x8,x9,x10
-4.886547,-6.973128,-9.059524,-11.14568,-13.231543,-15.317063,-17.40219,-19.486878,-21.571081,-23.654758
-5.447931,-7.529438,-9.610746,-11.691801,-13.772551,-15.852947,-17.932939,-20.012483,-22.091533,-24.17005
-6.003442,-8.079752,-10.15585,-12.231682,-14.307198,-16.382349,-18.457087,-20.531367,-22.605146,-24.678383
-6.552757,-8.623757,-10.694533,-12.765031,-14.835202,-16.904998,-18.97437,-21.043276,-23.111674,-25.179524
-7.09555,-9.161139,-11.226491,-13.291553,-15.356278,-17.420617,-19.484525,-21.547958,-23.610875,-25.673239
-7.631493,-9.691579,-11.751415,-13.810952,-15.87014,-17.928932,-19.987285,-22.045155,-24.102504,-26.159292
-8.160255,-10.214757,-12.268997,-14.322926,-16.376498,-18.429665,-20.482384,-22.534613,-24.586314,-26.63745
-8.681503,-10.730349,-12.778923,-14.827177,-16.875063,-18.922536,-20.969553,-23.016074,-25.062061,-27.107477
-9.194898,-11.238031,-13.280881,-15.323401,-17.365544,-19.407265,-21.448524,-23.48928,-25.529496,-27.569138
-9.700105,-11.737477,-13.774555,-15.811294,-17.847647,-19.883572,-21.919026,-23.953972,-25.988374,-28.022197
