x1,x2,x3,x4,x5,x6,x7,x8,x9,x10
-170.538784,-170.538784,-170.538784,-170.538784,-170.538784,-170.538784,-170.538784,-170.538784,-170.538784,-170.538784
-169.321611,-169.321611,-169.321611,-169.321611,-169.321611,-169.321611,-169.321611,-169.321611,-169.321611,-169.321611
-168.098287,-168.098287,-168.098287,-168.098287,-168.098287,-168.098287,-168.098287,-168.098287,-168.098287,-168.098287
-166.868628,-166.868628,-166.868628,-166.868628,-166.868628,-166.868628,-166.868628,-166.868628,-166.868628,-166.868628
-165.632456,-165.632456,-165.632456,-165.632456,-165.632456,-165.632456,-165.632456,-165.632456,-165.632456,-165.632456
-164.389605,-164.389605,-164.389605,-164.389605,-164.389605,-164.389605,-164.389605,-164.389605,-164.389605,-164.389605
-163.139916,-163.139916,-163.139916,-163.139916,-163.139916,-163.139916,-163.139916,-163.139916,-163.139916,-163.139916
-161.883242,-161.883242,-161.883242,-161.883242,-161.883242,-161.883242,-161.883242,-161.883242,-161.883242,-161.883242
-160.619446,-160.619446,-160.619446,-160.619446,-160.619446,-160.619446,-160.619446,-160.619446,-160.619446,-160.619446
-159.348403,-159.348403,-159.348403,-159.348403,-159.348403,-159.348403,-159.348403,-159.348403,-159.348403,-159.348403
