x1,x2
-158.181902,-19.408398
-158.293748,-19.206971
-158.405537,-19.005393
-158.517269,-18.803664
-158.628945,-18.923562
-158.740564,-19.043471
-158.852126,-19.16339
-158.963633,-19.28332
-159.075082,-19.40326
-159.186476,-19.523211
-159.297813,-19.643173
-159.409094,-19.763147
-159.52032,-19.883131
-159.631489,-20.003127
-159.742602,-20.123134
-159.85366,-20.243153
-159.964661,-20.363184
-160.075607,-20.160482
-160.186497,-19.957632
-160.297332,-19.754635
-160.408112,-19.551491
-160.518835,-19.348199
-160.629504,-19.144761
-160.740117,-18.941177
-160.850676,-18.737446
-160.961179,-18.53357
-161.071627,-18.329548
-161.18202,-18.125381
-161.292359,-17.92107
-161.402642,-17.716613
-161.512871,-17.512013
-161.623046,-17.307268
-161.733166,-17.102381
-161.843231,-16.897349
-161.953242,-16.692176
-162.063199,-16.648996
-162.173102,-16.605756
-162.282951,-16.562455
-162.392746,-16.519094
-162.502487,-16.475672
-162.612174,-16.432189
-162.721808,-16.226274
-162.831387,-16.020218
-162.940914,-15.814022
-163.050387,-15.607686
-163.159806,-15.726286
-163.269173,-15.844902
-163.378486,-15.963535
-163.487746,-16.082184
-163.596954,-16.20085
-163.706108,-16.319533
-163.81521,-16.438232
-163.924259,-16.556949
-164.033255,-16.350026
-164.142199,-16.142966
-164.251091,-15.935768
-164.35993,-15.728434
-164.468718,-15.846948
-164.577453,-15.965479
-164.686136,-16.084028
-164.794768,-15.876395
-164.903347,-15.994907
-165.011876,-16.113437
-165.120352,-16.231985
-165.228777,-16.350551
-165.337151,-16.469135
-165.445474,-16.587737
-165.553745,-16.706356
-165.661966,-16.824994
-165.770136,-16.943649
-165.878254,-17.062323
-165.986323,-17.181014
-166.09434,-17.299724
-166.202307,-17.418451
-166.310224,-17.209998
-166.418091,-17.001412
-166.525907,-16.792694
-166.633674,-16.583845
-166.741391,-16.702385
-166.849057,-16.820944
-166.956675,-16.611862
-167.064242,-16.40265
-167.17176,-16.357219
-167.279229,-16.311735
-167.386649,-16.266198
-167.49402,-16.22061
-167.601341,-16.174969
-167.708614,-16.129276
-167.815838,-16.083531
-167.923014,-16.037735
-168.030141,-15.991887
-168.137219,-15.945988
-168.24425,-15.900038
-168.351232,-15.854037
-168.458166,-15.807986
-168.565053,-15.761884
-168.671891,-15.715732
-168.778682,-15.669529
-168.885426,-15.623277
-168.992122,-15.576975
-169.09877,-15.530623
-169.205372,-15.484222
-169.311927,-15.437772
-169.418434,-15.391273
-169.524895,-15.344725
-169.63131,-15.298128
-169.737677,-15.251482
-169.843999,-15.204789
-169.950274,-15.158047
-170.056503,-15.111257
-170.162686,-15.06442
-170.268823,-15.017535
-170.374915,-14.970603
-170.48096,-14.758596
-170.586961,-14.546469
-170.692916,-14.334224
-170.798825,-14.121861
-170.90469,-13.90938
-171.01051,-14.027205
-171.116285,-14.14505
-171.222015,-14.262916
-171.3277,-14.380804
-171.433342,-14.498711
-171.538939,-14.285897
-171.644491,-14.072967
