start_time,0.85,0.8657894736842106,0.881578947368421,0.8973684210526315,0.9131578947368421,0.9289473684210526,0.9447368421052631,0.9605263157894737,0.9763157894736842,0.9921052631578947,1.0078947368421052,1.0236842105263158,1.0394736842105263,1.055263157894737,1.0710526315789473,1.0868421052631578,1.1026315789473684,1.118421052631579,1.1342105263157893,1.15
1976-07-01T00:00:00.0,932.760011611584,905.9232698079697,1081.4432788156598,932.7817922842952,930.6421019923011,904.1526338101545,895.2426129154171,886.948774352397,622.5187529628907,631.9533266587522,627.3518455896722,830.700402889079,1227.2913061052109,1229.7456366448969,1344.1645886072129,1071.2304542786867,724.7503909324819,267.0451250801422,732.0528068596169,564.2173979809417
1976-07-01T12:00:00.0,557.5661170724725,556.8250784778094,556.2274656475154,563.3401924929678,560.0445996253047,560.3808563482582,872.2092084003194,872.9666955661356,555.1214422554124,555.1990537012119,544.7347886480668,549.3500515938856,609.016299749923,863.192885811519,865.664790534123,864.6776184431678,861.10772543484,875.9434412394237,870.8725372647491,864.054395070504
1976-07-02T00:00:00.0,543.9767918702067,535.4989058895864,542.0983537197935,906.8414735644275,905.5067959872779,904.0310590107855,904.6668306100288,533.8126888868225,533.7683008916683,533.8788705608317,532.7054402156464,534.7674354538414,534.7421856643375,535.6041517587456,535.9970236006236,904.4396358358026,756.893964273086,756.9227907964932,887.0044995936978,752.7354332659286
1976-07-02T12:00:00.0,1197.274330826698,1182.468462693515,1443.4926252045818,1275.749503230175,1323.8754727789662,1327.579401232917,1277.6820447706177,1283.948265071759,1072.4627364928217,1270.2290418499904,1068.3899592956632,1167.4613179771195,1176.7315688285325,1166.0082087897779,1165.68713339014,1164.621931159393,1260.5958471218976,1094.179673288308,1115.1511331202312,1292.99403688018
1976-07-03T00:00:00.0,492.508242295977,486.14038457811665,791.6554951886686,587.5974280303276,443.52483643678113,443.8074689244475,585.45090160136,596.1716604792057,747.6510377777774,586.333460184891,745.4655623942762,1140.7167473622635,1198.0537016169162,1240.1017494561622,1158.9251853850417,1157.1385312057623,1156.6839474699802,1146.6225574192795,1156.545789606552,1155.7861416736382
1976-07-03T12:00:00.0,898.3483656815588,607.0569987613071,466.61027998898476,466.34248098940884,466.6117126793325,468.8406675605937,576.9914321830656,773.6084194371037,558.9593676657075,467.14483874164375,465.82923110652825,569.5424231161468,574.5016507043697,559.9309247511125,563.8534494725936,562.9378800791114,436.75668998437243,565.4380445138296,564.2250809926518,422.9119984628708
1976-07-04T00:00:00.0,1011.0448425389777,1148.8404291421793,1129.5154963823356,1218.512343730295,1140.1601971726348,1114.949416173904,1115.0725439530772,994.6047304760364,689.026943319485,688.7687737527857,696.7820840317722,1104.2950655549685,1102.4449652247831,1101.8241074613477,1208.6965135723242,1110.846027536418,1110.1495450230893,984.6681411991007,984.5119466046013,978.2735081429902
1976-07-04T12:00:00.0,1359.9311685794034,942.2290357585389,1097.232070294944,1191.7076561797755,1021.4285164836718,1033.2180739954886,952.2333784589717,887.604503547152,798.8008347527367,798.935778505457,792.5485657443683,934.2762061461603,789.789131821515,838.7361779336512,791.023349678539,924.1476208473338,788.2408321129047,783.9954367318392,761.2150911572694,927.9911608892776
1976-07-05T00:00:00.0,963.5560964670635,960.7233122571488,1144.9592865964566,1101.0470612403185,1160.5887191351305,1056.772569621843,1145.18483527909,1052.1598175409492,1220.9354860729495,1138.54961371318,1073.8612635498882,1040.6475413954627,1031.609804673244,1059.0885287955448,1058.8597500522476,1075.3862473649806,1110.3336956915032,1050.4209941730908,1050.03918646814,1050.5858649150853
1976-07-05T12:00:00.0,1404.5790392243618,1079.5410877417323,1063.3993752786535,1062.983751526295,1062.6180200156446,1054.474514664127,1035.657248266097,1036.0226932352248,1040.2748368019554,1041.1299936917185,1034.4912742688869,1033.8843671883233,1033.511364290636,1033.503019002246,1037.4581254357422,1036.1494967459785,1027.3588681677509,952.6211985408329,1034.6490642958852,969.5327678379216
1976-07-06T00:00:00.0,1056.0996679666457,1057.6762656397593,1042.377709783369,1041.630702131318,1124.9500669163301,854.6745226159567,751.1484724685378,843.6201203379483,750.8658601789618,878.687735155406,785.5527909604277,680.5215469922075,677.7466644852252,671.9121394840743,734.3918698763754,671.4146434855382,724.3536212991944,724.0847734267841,717.2434909971379,713.1788153117251
1976-07-06T12:00:00.0,1002.3512875461787,999.2638970014143,1020.7929434815497,1037.1282286057115,992.6292553560772,988.1893683625185,1019.2480410297516,864.813585648899,714.461692413485,708.1367480072353,706.9453561477115,710.4875683987585,704.1995350546266,703.5413322946922,725.4833682931337,701.581721080501,849.4023014764908,840.4385793054449,682.4004865354841,679.7095280628415
1976-07-07T00:00:00.0,320.10711029191117,337.1650269012375,562.6124465080118,320.7847036167564,273.5287846935244,418.0202278700873,272.4234079822914,271.5064282321113,270.0684828934832,277.30511395517055,277.0953401473299,273.47595953420006,282.67619667141105,266.5604387563446,420.5457077730657,286.47758650222465,416.6021394118673,276.4444956655505,281.3466751981732,786.3364737914299
1976-07-07T12:00:00.0,469.5268319612327,457.7992918776748,300.57349948117684,300.2094364770141,307.66752171185203,348.0720176441329,417.0679236372857,404.0260325038234,417.05005839610914,311.100298554056,290.78467263249337,291.74016034251116,291.7093722265919,250.82179022423554,291.49337048232786,257.91778631891844,250.00783429064572,235.16030639330077,248.96745629084978,258.12396547783965
1976-07-08T00:00:00.0,959.0715444448301,960.0234114693782,952.400553088998,955.3708950472644,956.2983928392288,946.0796762755847,534.2468569284886,706.9929028960753,705.0118238206717,701.2393554368208,518.4071130841178,528.3743190064216,528.0932092345013,528.2911468919431,533.1936033603023,501.6641796920282,500.22560142519757,738.6942300079539,500.67174605701774,499.57977463455904
1976-07-08T12:00:00.0,938.7029793149834,989.3393213841431,926.6235169949396,934.8812579284969,934.3974398812934,933.972553966431,945.6740923069257,925.4200512397251,923.0288610513574,922.6889585626759,906.927132715991,793.8167710737029,919.9402351944796,919.9142071400653,920.2592107702266,918.9217165554655,918.2778074471971,918.0309487449337,918.5360808024433,906.6450224661354
1976-07-09T00:00:00.0,1096.017348408219,989.4364836313422,998.5028032388526,998.1806501703081,996.7766039514655,915.3103338568529,911.9591998622624,909.4444449520533,900.8568645753365,792.9158487164957,884.468876033215,899.8993685541027,903.6024919005487,903.0265572248724,770.795067179406,762.496553482557,901.9814493253779,898.952676047921,889.158474358845,897.6720958542696
1976-07-09T12:00:00.0,895.0111407827271,899.988540351427,906.4523477586965,883.5246996901656,891.7885256189318,883.0405908431159,864.8527963259334,864.4581016081098,869.300111304387,864.4915258922758,863.828443219331,863.368546531284,863.340907747696,862.6323002920749,862.6858719758791,865.5401509363813,857.5314775765269,864.8956145300226,857.4953246062959,862.3598181386318
1976-07-10T00:00:00.0,885.6509317379864,862.37694578368,1047.435250235656,855.0341769446914,862.5165353587998,869.8638128818711,1006.2238446078287,881.287713707751,848.1321387290376,848.2524120195139,857.0918529305579,878.2463126149685,876.8573410443759,876.4594896931097,857.5439543040607,841.9476315179827,841.3812222372605,854.0638570469513,708.7868270438047,707.5307405768112
1976-07-10T12:00:00.0,853.4602337917147,904.0710626556333,1102.0560290262433,864.5547255588741,849.215161433767,848.8797836392246,880.5475562247894,987.9441845910475,837.7125708055589,837.3472392486354,821.0029884140894,709.0244899891945,825.2459487462298,824.6976263970004,834.6156114752068,833.6016405250462,834.057900641618,832.7785607835889,832.5675297979903,821.5112858842845
1976-07-11T00:00:00.0,846.9565787995256,829.7464296091573,802.782933215242,815.4876509708183,807.3494588392059,828.0603609367399,934.2200105644544,801.6197863891015,795.0191742209214,964.1252620367844,929.8718029111527,906.5403323048628,816.0771041295282,913.2535980774777,925.8488364168425,667.2630296727676,801.5753582879044,800.5780197083184,797.4878723908298,673.3813337724434
1976-07-11T12:00:00.0,1092.8999880967453,945.8039584219083,886.5736343155585,943.9785169711961,957.4743800924709,806.9468018960144,805.5551323613965,795.7669103781603,794.9436747836254,796.5382726336935,796.4083509749352,796.9624340996667,796.7195766932537,796.4127727815352,890.0455725748385,890.8962254459294,1082.491048213025,793.4527727567739,793.5394123122076,1089.0213862492496
1976-07-12T00:00:00.0,786.3811250900236,821.2079286751614,777.5053154606585,776.7767673790496,791.305183222906,767.1985028089008,773.5799337299503,974.3382048225149,762.8310021727361,764.0095404586444,763.2826889498435,770.9987068208135,770.5888622631488,777.0056407521837,757.1076019391479,755.6347525942106,755.8519740220265,755.6014019677308,757.5286575235282,771.7852667316009
1976-07-12T12:00:00.0,746.3500020365735,781.1201475730256,745.9538943678143,651.8414004559047,737.7163115260565,692.037737411287,610.8911194906898,710.9101386367925,457.7840782525072,613.4390432451347,455.73226202793995,449.1833697119491,471.3073352537889,447.3816461363011,495.4876520772905,448.8016403335511,580.180808438753,443.2198644179529,442.5459367675254,418.7606389714661
1976-07-13T00:00:00.0,745.867533818138,744.3690018649727,734.3847211706061,757.2531676878029,757.9407025390454,755.0960082680932,737.1617808884251,734.7377890963879,615.0483649665181,728.4712211466607,730.0154034347007,722.8345808611966,732.4709845066753,713.3969295425911,793.3846108215903,729.6474386066793,728.8297659193568,728.8922329271844,727.2805473955368,729.562361015963
1976-07-13T12:00:00.0,534.6816830249146,534.8292205729422,368.044641031739,368.55726096578195,496.9644383044874,367.95764394116765,397.67832498625717,361.99289209693717,360.80939455844066,358.2655237851751,352.94243222505844,554.0345036189843,693.0855774886688,708.8382125812229,708.4851102238482,712.1677291442155,712.2682687798086,370.3617221843238,523.9405469700233,692.4881166307321
1976-07-14T00:00:00.0,390.4616761100016,597.2072063101087,505.7833009683602,513.0758164150735,512.0345260875486,347.4586809908532,463.05663380866093,463.71146298850795,501.6645080688802,537.3355870423937,399.5385006439202,336.65541762325915,331.4701851907371,332.17244900413135,330.5747397375678,383.80026069604514,384.10937844518855,379.70278348081257,374.9581386036511,378.1036622490984
1976-07-14T12:00:00.0,721.8250075571287,714.2461432943755,660.6862239029012,666.5102659599181,651.1189260252286,581.9617462385575,574.6835027543539,633.809207383726,368.03046831820916,366.7581120683699,371.0653183322768,364.1075914921004,386.3846490504238,433.1457305621072,364.3688060869011,497.48410925958666,361.2690054508581,358.52634383172045,341.1300014612484,334.36321359676475
1976-07-15T00:00:00.0,676.364036747002,795.5517631389048,632.3025787116281,909.1576650714347,636.6146730216625,759.9962924656998,763.5355727448041,631.0003710596416,624.3218841889898,793.5947828620597,793.2018899758442,735.8687588771927,742.5842704369763,755.2105467455293,627.9557488971423,644.8246727356454,683.8101142414671,626.7048010482387,626.518480453208,495.30404217468543
1976-07-15T12:00:00.0,654.6215155574698,774.8689035846178,714.9530742638823,773.7608014030188,785.0624141013507,636.0075846516661,635.019069845798,625.9430185942124,626.077425802468,625.0097425792001,623.4854572879248,626.3752861533022,626.1022458576557,625.7691028110586,719.3762919649463,720.2020333289256,873.8595412456827,622.9752390269999,622.7715294794109,859.743510890153
1976-07-16T00:00:00.0,580.7985521758217,767.9154293842817,752.8097960859334,751.5990122593407,763.2040450542961,587.031074840974,626.7514815437756,613.9573948381616,603.5957333799895,602.7191783851935,602.4532426513199,602.3194899099375,602.0181365716317,602.1749322513344,602.5460842036015,603.0585343323916,603.0751587717313,601.5770926272246,601.8393511379667,601.613122209568
1976-07-16T12:00:00.0,734.4563537821799,683.7697668365149,595.9914950283222,676.7548415741904,732.7403816154825,691.8784624678023,690.6075608811653,688.244046409626,541.1309403405498,696.4350378719066,695.9538634960815,540.9266179718608,682.3809711393865,540.8873926557735,518.4761472508226,664.0793583038684,549.2370665542793,674.9308486372939,664.4283618875261,483.31542566563314
1976-07-17T00:00:00.0,579.2582842165272,586.0166873050082,586.6484450602982,549.7146377047429,558.5393473105304,677.5344324642582,584.2078263887437,677.5504070220251,545.1493076745371,544.161969628187,707.8445702275174,650.8039420085915,650.2206282991664,656.3437999889284,664.2561200058557,664.3434294898634,664.1910840519282,642.7516413088402,649.8274131981519,558.224873893995
1976-07-17T12:00:00.0,533.295353630072,517.0723461006374,635.8638442680493,682.9081921510541,664.8922470485935,649.4547929802252,250.30806320173258,561.03422533951,538.8949336180937,522.453225618439,521.9905352625593,521.7944126188555,521.4033842977044,517.0174332906206,197.67006214770356,197.8254386153845,352.8734127548576,351.66769748772657,527.263554567041,534.833137898555
1976-07-18T00:00:00.0,537.4937141450524,515.065953720017,545.0456431515394,772.8182353830293,637.541045342189,660.241916233477,528.8254724028808,539.9301284315542,508.0464584264012,506.4804662577855,507.312366506,506.1470685212383,505.9308437723559,504.99051795682897,614.2160261424899,627.2173785092839,455.5737914122547,455.74743712864284,301.2402085119535,445.84104612018405
1976-07-18T12:00:00.0,790.0484322539149,848.5854853250501,787.2965698714673,508.2411366167589,507.6169406149524,522.7254728249402,509.4552498643595,660.418816887292,646.8152093701377,659.7388240408692,658.647501569854,641.3269252927317,657.2293959961474,656.0591239154003,495.0420169106624,333.4152471079657,478.6216896059018,481.0295015928897,474.5742365243102,345.11821270660624
1976-07-19T00:00:00.0,504.90955879698197,502.9387897320141,502.1786091943093,489.12854273851855,486.2896602474169,489.2886162092225,757.2834059666691,623.5499285420797,748.2229951525914,738.3935436534263,498.0009607775953,713.9866789644067,711.8684408555844,710.78791147415,708.7133322137274,707.9462687778927,767.3170468169127,766.3559484371632,629.8923530907539,765.4206005409009
1976-07-19T12:00:00.0,468.17542344822755,559.3205596333382,536.3743094251251,465.8298108232776,478.8259544856811,472.57861102180254,495.4841763074873,489.1769244385881,454.41020624487487,454.20016898409233,454.010605482423,452.8200420231259,452.68010256212267,455.2815768030619,451.2662755015734,450.71105068160824,451.6010117657019,452.99297867338623,452.5602050973175,452.0992867475619
1976-07-20T00:00:00.0,455.93203219608654,470.37336464227195,475.1799097127524,457.3829529249905,522.5303159353688,452.1486537207285,444.0038355568786,443.16416228325903,432.51056722872954,432.06008055881176,434.5302145059959,432.6043629037044,432.0245335423704,431.6487354456357,431.4928075109663,431.20491685808963,429.58822499214926,428.66693974822016,429.9001954205421,429.50205976822895
1976-07-20T12:00:00.0,691.9710168347639,425.10965081560084,711.1831042388053,671.96854813465,566.3053387093229,591.6128196065985,423.9679853722929,526.1937794850096,644.9528270358712,570.2858155695199,571.6140279565243,644.8383018470747,643.2200509239186,641.2411494611083,640.5538772839706,642.0319066336069,577.3844352422109,626.8369954621032,563.480299320539,445.643405427867
1976-07-21T00:00:00.0,624.063850384484,605.0257849782483,626.8854493875588,688.6996061926084,687.9189193152655,573.3760063579326,569.4165443966531,568.8384676971781,569.997191135769,567.5733260193764,547.6743143484747,567.0594694560575,565.3928944888897,545.8604428592785,544.8235036241122,545.6845374429265,543.9609301785811,543.321197332451,556.2311232178098,555.137560607195
1976-07-21T12:00:00.0,665.7697421687635,669.9400879253214,537.5434393622256,536.8784482997489,535.0945910934666,534.1375282507175,533.0959341257286,530.0685200796246,539.3950728886826,528.3582496318928,529.4204441822266,526.4046013484735,535.1560370700715,528.2699307754358,525.9840435956896,525.6419434402491,519.0466366979657,523.3184957558192,514.2609020755175,514.6859971682779
1976-07-22T00:00:00.0,579.247827638732,719.5722170181842,717.8794383454598,515.8365749319973,513.6518657257876,513.2609163028269,512.0198272986405,510.98843125007414,550.3932140829794,509.8426156748561,516.0348909274232,507.39185886381966,506.4806431784856,507.0701026149283,504.49950726398487,501.66770527631604,503.71202124015457,501.8076406682618,547.5873707803588,546.950901072281
1976-07-22T12:00:00.0,623.2433572209861,623.9149994464666,618.8681445669266,617.7058544433163,616.0922022847018,614.7897176007882,614.0549446791596,491.06303066286193,621.5643141676827,620.8152984907401,670.5603814552296,670.3332701668487,609.0450732343108,701.8776967732142,542.9436869561404,541.4312824574089,525.351497019307,529.5765837537143,528.8935737063657,511.99035475639687
1976-07-23T00:00:00.0,494.9733258816582,657.9530042178026,657.0398876732845,655.1563262149593,625.4254431176321,647.8364299047283,645.8718507287089,474.2930280312639,606.3516437943633,598.5462666229113,595.5450377819677,594.604166582174,593.9249831523982,592.7380787960177,591.9042486118242,593.0319936773806,591.7856009493274,590.9716370605844,766.1838645351768,762.7918127388915
1976-07-23T12:00:00.0,639.1983816715638,645.3063761875602,642.8261294674131,638.4296822936191,636.020786177821,633.8674718032105,633.9293396665324,466.84286915711607,467.4642797894198,628.943129626213,627.5388314309234,450.77231578439284,448.54297075363263,589.6293900792679,589.1641254113887,446.0014877003848,591.8310151811714,586.6482153910183,585.1535110299791,578.4760809781658
1976-07-24T00:00:00.0,627.0747513745619,626.6005328025612,624.2794394570765,623.3369566753854,616.7691589150777,614.2881576272646,612.7703802220437,612.4903409389599,611.9202081255714,445.8693363689185,612.6156713877674,610.8955080292102,445.96318855292446,609.054114079827,607.5221717439193,606.7129563205546,605.1571321288607,603.0250097421856,432.59989955498355,432.0868669332676
1976-07-24T12:00:00.0,482.74031733838484,624.9324556916184,624.0158873491044,621.0067501205967,618.6886867808765,615.1373157664917,614.4882024269457,615.4076860707701,612.6856214269466,612.558865463399,608.4560550150708,602.0163555467877,599.1910892610182,593.6526265191171,590.7573161487768,427.65116877909617,426.5661153233054,587.3043317122234,585.7614973431583,583.1915395837889
1976-07-25T00:00:00.0,248.39545030535726,247.23541181186044,229.84926926254937,230.64313694150005,230.3522346155343,230.0077454337063,514.2598613019699,512.9945631554168,511.43964790052706,510.7914402577058,509.4974135613352,509.9594106875521,508.52596824144206,503.6882317111802,501.9418364343723,418.6320018098686,679.5344053373741,510.7832827889294,510.0440324318589,373.3103038741842
1976-07-25T12:00:00.0,473.8738305395089,470.610082598365,648.8313215377812,462.2007394282077,460.1766012569269,634.3604461096444,462.12691411136865,611.2217028439023,234.11670323602945,230.9344585365663,434.8883666217421,433.9191700616044,611.3039695833507,609.2549643394645,608.5389783258055,634.50447068197,463.019404340287,688.7572630406347,738.0300077762575,396.763242273842
1976-07-26T00:00:00.0,757.8845512568139,463.2329190908808,462.0086900294811,459.1785727929015,637.9807640972773,636.9401642246114,634.8290242258447,625.4051018668939,449.492285259019,626.8271868456749,624.1304698635706,622.5128296607837,438.33718749189313,442.9945384550403,428.4427035276899,239.8171650996705,590.8552499191217,204.314192262357,198.3729504939479,203.18391982354953
1976-07-26T12:00:00.0,456.7620085226442,454.6038478074795,452.62277990265454,679.7414486399477,679.5184690870997,459.283236778436,455.1711103327759,615.7330592763593,613.5174648994749,614.9244241291806,430.8262837473605,430.2074937750549,447.7093905155554,444.1480026956198,612.6933725768135,431.9800138275368,431.2642261466669,606.2041565500974,719.7457140590981,717.989016665024
1976-07-27T00:00:00.0,400.2286056829884,421.9241436087799,420.21558958768776,397.2906685683636,448.9964620776076,398.0338854124504,314.6378175429165,316.5053355100179,312.7299515214409,279.3008405031969,373.1874378872676,311.15930754492535,291.20904910302704,290.80632653357435,289.32684737197445,288.67343191175394,287.4075829669376,287.62604265595877,301.1467117506249,304.04588616477014
1976-07-27T12:00:00.0,656.1039048703238,665.3360357254568,748.6780380497358,778.8518770327194,782.2393500191235,760.4903344558348,776.0052006841036,768.7498745111418,771.1958971831534,761.9186058145739,761.4048667141931,767.9948950319723,766.975737433446,763.3672474782638,436.11923488329205,433.9919336312421,437.15845954869957,436.1217946204721,636.427425303507,649.4705320792231
1976-07-28T00:00:00.0,1365.2239366550134,1238.0100078153087,1236.0626643673993,1329.5235335216973,1331.4554650328025,1324.6925515861253,1331.8924699829402,1043.9978381687379,1324.338267692697,1004.2769466604435,1039.7634437276881,1328.5275035578015,1042.3669941556425,1040.5923983975308,989.835876931332,1014.3829525415931,1338.702341856548,1029.49028015127,1017.4686298417239,1313.9650060329873
1976-07-28T12:00:00.0,1371.0349687923158,1385.8932555004983,1318.9191151991167,1302.001010620204,1317.5827664040692,1390.664162497122,994.1531426211255,1215.7804697059787,956.515554919724,1339.5189254190332,1336.8868485555836,1336.5487466403463,944.0876619066914,1397.0417754363946,1565.0331228311738,1394.4403786168739,942.4699109234398,1371.7621621073692,935.9712145823962,936.109289172246
1976-07-29T00:00:00.0,1498.121973819993,1472.110555636509,1350.058866076792,1193.3528703888787,1007.0775048228019,1006.434349914906,1010.6706596096907,998.3067146391304,995.2904586254505,1003.7182385135847,1004.4100427708009,1005.6881113142788,1004.6211440064776,1001.3705764813986,1290.3046045642914,1289.2122573198828,1286.9797004845564,1284.6878274426908,1285.0162485345152,1281.470662213078
1976-07-29T12:00:00.0,686.8858587002629,685.5985491713075,677.6049848457905,671.2413955191229,667.7131037970278,668.4485400083408,676.842197966029,666.6472671936087,681.9920608424809,676.0681521457765,673.7220792160924,1273.8682065929659,1251.7687581598132,978.3095412132428,1277.0891902774372,1276.2782998974833,1270.3677763244586,920.8803668655811,1289.7206534714808,976.7653493693812
1976-07-30T00:00:00.0,668.0624556309465,663.350345161545,653.1716008063838,647.6936665908667,644.6361407827386,640.4478442119565,637.6697510073391,637.8699884727487,636.3372602097736,635.9444598855071,633.9505074657046,633.9733448880294,632.6401440840265,632.888239784225,633.0415525555785,632.4731463365596,632.1287279205294,631.2734938257466,630.6231313106626,630.5563484639122
1976-07-30T12:00:00.0,882.8113407011781,1321.9761263098753,1315.7656009609657,1257.9290255024832,1116.0037990216304,644.1923839547914,642.762029387275,633.9915354999112,633.5506405988269,632.4171340138987,627.5273396648953,621.9059057041377,618.1272036255982,617.4095315468564,614.7302816712997,615.069536245522,615.1955247319386,613.8453168877262,612.6152376102899,612.0610403298673
1976-07-31T00:00:00.0,1206.482063858297,1204.543855793085,1204.9110863477501,1377.4685615067863,1342.1167184152023,1291.7263727167528,1293.2093800106293,1108.2270277631997,1287.023286398233,918.2791114727992,851.1714327724297,850.0366177052347,833.449687030989,919.5879539953219,888.4429234927327,915.1475994691465,628.89647358951,912.7932022923327,1211.0487048889918,613.9973722317502
1976-07-31T12:00:00.0,1433.4149176418437,1251.6343038067605,1254.7942297200673,1248.4942148207929,1247.0488862395378,1072.8451977422667,1087.3484094924472,893.5096796232216,824.6208287756009,889.3389179624702,890.3069293706442,887.1426024009304,887.1714808413356,620.473636126434,607.2552380249605,607.1929631278468,599.0769673418932,598.1906145347078,597.3829133163192,593.1371100510337
1976-08-01T00:00:00.0,878.3280456173932,875.5047030670496,810.974125018472,811.5053450766377,1217.6487833746155,1158.2246395926352,1153.9432949429481,558.7662005465658,562.0828247542277,560.1922307507293,560.2965932354509,558.1302656357844,561.734717987931,559.4118011618244,557.5136235751567,555.9409634096172,553.869508296896,551.5995497450493,551.7479782125189,545.571499018166
1976-08-01T12:00:00.0,1199.361133574415,1215.13804387621,1196.0869547155996,776.39779453881,1147.2213019541975,779.1768061511939,440.7809322676691,898.7296501784124,858.7619068220215,856.4589494372287,1212.0101086288635,853.4795471829344,773.3013936060826,1140.9719460131407,1218.0855006647869,766.7640263536621,781.3953273655914,819.5120828142551,731.6325400716577,837.2713629596157
1976-08-02T00:00:00.0,807.9712906479269,762.3923265706817,757.6280705672694,752.2750640059982,751.5016354041329,773.968804327158,835.3006459065108,827.606216555481,824.7124094722063,832.9685012540797,835.5043264137345,531.5379421107222,545.1816353772261,1198.4740052971579,417.5481104767608,419.0165219316089,418.4244784161523,878.4729494602863,418.2584093386339,1061.1691374160023
1976-08-02T12:00:00.0,754.4626580099119,786.4458325721863,786.1337917410124,513.2845079959467,859.2131718565313,1157.7692325743594,1153.5923560812942,1305.174595994979,988.9356354208048,985.2006864648654,524.1568571171732,523.2008261287853,522.3222171103972,518.4384916884002,521.3321111298175,521.9446101616312,518.7709592861175,517.0732976653079,522.7486519242328,518.7122967272481
1976-08-03T00:00:00.0,1259.710662385954,1258.52390812892,763.6556505469414,794.9053265909844,791.9021807757258,1087.2412689502728,1143.5929230831437,1156.869380708376,1154.6852123025524,784.0235697379296,1051.955676583975,766.7851979173672,764.1233937149249,1064.235233831217,1247.667473357689,1242.5749444371506,776.6363977663603,1377.3960167522978,1211.999107784114,1281.46831055354
1976-08-03T12:00:00.0,716.4816051354369,1354.3102398544265,1172.638220691652,1045.8104199442055,1045.1992103032003,1168.9956601140796,737.8625847719775,1150.2197241391125,1143.8455410290599,1038.1434690607975,731.7335059089462,768.4979123030952,447.483423441027,446.2382377728684,445.63318405996876,445.0274382387449,444.1614671372895,444.11868963233724,441.7042794476817,441.1380466824082
1976-08-04T00:00:00.0,1035.7657395633746,925.084236908985,1033.9591850014351,937.5959737834405,755.372938353629,750.5149726079205,1094.3491940513466,1112.2913081306333,755.6686970678517,740.3654067769046,737.1717271523037,746.6068938772737,749.0817681579584,748.5605342745528,745.1381994749282,744.6511949927574,744.4402692082045,742.3719740456561,738.449325182869,737.3463205728125
1976-08-04T12:00:00.0,1005.5428566401318,437.4934963322949,430.45567983776107,427.5465870667947,427.028047006979,426.5138419008166,1262.4550608480888,1695.9127860770857,1501.1291138776585,693.0616398628023,996.7397257438078,995.8614583021515,1093.7950939925065,1130.776815972114,683.4941707137989,686.1930160404343,1128.172899960986,427.55191161807454,427.1775524385488,424.10570688136687
1976-08-05T00:00:00.0,1023.7439895853475,407.5046289541134,403.26772185895055,401.1941691470988,394.6834228629617,391.35103641106167,388.4292857409819,387.63892615851273,383.18848658803773,381.964803783922,380.913517651026,380.41851921444874,379.86445869975535,378.2715509626873,377.80261629198446,382.30361028634553,381.12006763495174,380.541803287183,376.79961039606195,377.49355412258814
1976-08-05T12:00:00.0,1027.7280498657633,1044.1383112509209,1026.6477935178573,1029.5787527639648,391.53502616958394,388.641502102941,386.9438021549474,378.62642046287976,376.82402177422273,376.2734018754151,374.8065768995179,373.9133845738277,368.67351394660244,368.1816855491663,367.5155240708425,366.3265739135055,365.81847051302117,364.73185547543545,361.6775839935899,361.0778130754692
1976-08-06T00:00:00.0,1004.6453226079522,1122.7219622094858,980.6214012460487,979.9469883573067,668.7472006934896,665.994130532856,664.4515223637399,970.1640231681622,964.3710192674898,964.4780567685485,639.6166778783844,637.5735433322358,636.2201029785916,660.018068377381,659.2759381114391,947.7557699241294,633.4115947431051,359.72762060809725,357.5418685857308,357.687690851801
1976-08-06T12:00:00.0,1179.1924062965973,997.4247578323611,994.3549691061321,1004.120944621406,987.4948652992401,985.8529887911639,985.6562286235843,982.6987005099752,830.503009841471,634.0210794041343,631.5392730110659,628.8309769359548,816.3319575272519,815.7971450369546,351.1505053099892,348.1875214009413,347.0816871028139,345.81899133627763,358.3751849786382,358.0741796190408
1976-08-07T00:00:00.0,1167.5272683594244,811.3789298398623,987.6105781870658,1086.3593847408279,622.8682085078351,620.4092235490349,975.024140637409,617.3187645726107,984.902347777649,966.1589719843874,965.919052109807,595.6861184551253,593.8305295334591,914.5275044132419,1087.1882456514832,1071.792488036814,593.7406635727847,1206.6096411058506,1024.5795606101087,590.5024808949602
1976-08-07T12:00:00.0,1204.7741573366334,1205.3262831964823,1173.7701484556587,874.7449871220427,1475.1393481484145,1003.6273069212186,567.0660034322278,1186.888557749983,978.478980461583,971.5683666286507,969.8477100406589,564.6750713574799,961.5816538079298,1139.597344922528,1137.4497421844985,953.4472580849879,515.0056186209966,969.2182808360396,943.853890812005,941.3097794941162
1976-08-08T00:00:00.0,793.2925217238663,768.6011978601613,767.5718337900838,1347.488205913486,574.7178134042441,571.8671132186489,1042.5099350074684,767.9477741736649,812.6675361859526,767.9956612966902,1197.8876407578084,1067.75076120457,1222.966228953694,1222.612538477234,870.910619882317,870.6822223371664,869.9331517357326,1069.7912792101981,1064.5138319400548,864.088005016662
1976-08-08T12:00:00.0,1360.1425298111096,1194.2366310620696,832.949430361773,263.91400202286644,254.90238958286946,255.97314432333977,255.78607237096833,250.22407981013092,1092.783920419581,1254.7750975078886,1104.79596324934,1253.7695638335633,557.7015975381698,1008.9500092939979,267.04044817956304,1010.798707217695,1009.3590045514061,545.9868406604871,540.7534532649488,539.657383259297
1976-08-09T00:00:00.0,852.8856550346055,850.4433045945804,234.8753750463933,232.09971389159554,224.56145066879245,220.55124776484652,219.16361650322096,217.10020136300912,215.72695247714648,212.8613175452215,210.61419833045156,208.4157730671483,209.1812790388681,207.87796610774865,207.10430432498453,207.54673266334433,210.3766031026575,210.2726156225935,210.41308475755469,210.43440835227574
1976-08-09T12:00:00.0,512.56260785592,1002.7554541295115,813.038723734551,813.0376301535938,806.6313546205187,806.255785692243,806.083407934975,804.9622151798168,804.767477922501,224.7313560435743,223.75409136140937,221.03971130874456,212.46980713260265,210.73398289593473,210.74051267587927,208.7190526417392,207.70750114905178,204.80451580648116,203.92468776976042,203.52490914436186
1976-08-10T00:00:00.0,961.0623431411473,780.0731417215292,681.1240100987739,496.8714930321109,495.1048973125865,494.62195978123304,797.8229166944869,783.302995419356,498.74226114783073,494.1924662712324,491.11949028852115,483.2713908708867,780.0611618725254,778.9720661663206,776.464019824145,773.401608311743,773.3228631150207,486.3353999822662,772.9973956503433,768.8579247143028
1976-08-10T12:00:00.0,815.8598475525444,830.5990984595966,813.3706467410965,811.6089632727395,1074.9843693215914,1074.326608874341,738.2942144625006,738.0869886344932,1006.6033714372309,784.7995357163632,782.1598983295429,476.28034981025746,779.3294270814412,468.04512307033946,777.4993505381899,466.88073905955434,462.21077663481714,461.05883343069013,460.3790289990504,459.2233940626744
1976-08-11T00:00:00.0,984.7055312488144,805.5351728088004,802.3064641183685,812.1310481889437,794.9229477754167,793.8115542639022,793.7659670688324,793.8877843574973,791.1078197359363,988.358943637765,986.3405296747044,985.4227230388074,806.671569421568,806.1090674236631,805.9091281036116,805.1625931734119,803.8777538390277,803.2782352239008,803.1319875752166,805.9084108436011
1976-08-11T12:00:00.0,812.434931813678,808.5137688623226,979.2600985796181,975.7069391511391,794.7228766913829,792.040156192089,790.8641098647975,967.1831690554744,783.4096540720279,782.767556079539,796.5994850557399,774.5759035000096,773.2330362691299,773.6245432934979,769.8891052944666,771.1221776040625,769.7794667499528,766.6699638610896,768.4665557943385,765.0624474864298
1976-08-12T00:00:00.0,983.9294133344146,979.3979810730069,979.0614224052769,1014.6345917988839,973.1132777382269,874.3113515771159,844.512229966699,843.5566401193466,842.6662328168708,833.0237964919083,827.5177874898316,992.0727864092279,411.7155643373895,994.1464082972162,809.3087206901768,992.0829303049987,968.9192905437643,776.4215495784686,774.6251753094415,776.7819482196328
1976-08-12T12:00:00.0,954.4055744513888,962.051574308617,957.3858302183974,953.7036847620449,952.8288246633713,949.483071645494,951.0771821953881,949.9246016106989,939.3447888761448,948.1017621589942,374.4579456214236,946.3373832935355,950.7332851137159,930.0444388529871,995.7056333755818,1090.7471528021308,936.4550013773531,990.8860019493973,916.6702909664539,936.0059445387869
1976-08-13T00:00:00.0,942.8831295789298,939.4310770890456,936.5067699858365,932.720422176639,929.2956312445358,931.5985952203988,930.3121581508203,927.0925870833738,927.4287559397719,921.1246241544051,926.817496765889,926.4943417718753,924.0349015970305,924.0089209274812,925.4381717423955,926.1688831735606,925.3120101692889,934.4566852521446,928.8645555192771,932.1571071468233
1976-08-13T12:00:00.0,920.178908317996,919.9383295333314,914.4923550938802,912.771546775971,908.0514956699874,910.8057567610739,909.3572780627374,908.1769292911248,907.4534369601371,899.3948177326614,906.8227177995444,906.5740878049714,906.5533025584062,902.9270414168996,904.139082158239,903.6825044262838,903.4688120595005,901.2814448451645,901.3740634427982,907.2446534559762
1976-08-14T00:00:00.0,1433.9372030677384,1433.7313047562932,1367.9251238528743,903.7100392194261,900.9632529907589,894.7245049183642,1367.9991449623253,1367.0536433844247,1515.2031604303418,892.7712363890377,1431.8955746584281,1456.5086285060177,1422.600535640301,877.4159187553712,1268.5379948053637,1436.549717979346,898.4392334566504,1261.7314270197564,881.4178284955758,880.1060606055987
1976-08-14T12:00:00.0,957.5307504891741,873.6090247521732,948.8868428413322,943.0768433879242,940.8375628144632,941.6538201365704,936.5867718793498,928.1493162786513,853.150241461211,854.2880248799502,853.29638742967,853.3959912444463,857.8097215206585,860.4672669839298,856.6923933479416,290.93596104731034,273.5903070791171,906.4181409064188,906.1779830528313,902.166185444256
1976-08-15T00:00:00.0,554.7821820121886,554.9481414958684,593.7708606876942,590.3924610444135,284.7486511891345,644.0984805336205,567.1110241904731,555.5780106667598,555.7705293909047,555.4015660349461,555.9439098038198,555.7884676154282,554.392095934625,283.87706187310323,275.7912663678472,275.26153862231865,577.1842481069626,633.1530308298985,561.2689213432051,559.0411901165451
1976-08-15T12:00:00.0,1375.339829855817,1374.1013765082648,1372.3162588500134,1379.323640198071,1370.6486247024816,1376.5764061822244,1388.4023604211468,1373.9449040569023,1131.0079559828064,973.2052848709334,1130.461397395375,967.6394251110302,972.2319580139923,970.9632734936612,1201.8049688616302,1199.007385600407,962.778439899535,968.2088176695032,968.941773809023,973.5312166106437
1976-08-16T00:00:00.0,1558.8064135451043,1394.6319021645825,1516.773633760943,1517.9122771899702,1349.0808498899278,1694.9882261076584,1282.0113098764227,1280.6969500368562,1280.9559458674546,1457.099276578962,1274.0397156603171,1272.7709958935095,1269.9045566799095,1503.4382880701937,1511.0618220873139,1544.0388048984885,1291.4499534623046,948.9803338554185,946.8880593208323,951.5473775837484
1976-08-16T12:00:00.0,1268.78383075446,1234.7003571369983,1267.4443654330728,1337.4233000388158,1180.4557461348838,1229.4383552001314,932.0708482996231,1227.9605749399484,1172.6021627306584,1218.9067384867426,1217.168927279844,1315.7781231055494,1336.8700298234685,1323.1086455010252,1315.4304563029386,1158.5059141230763,1259.8982275113408,1210.9364074817636,845.1153278853049,840.4742569824424
1976-08-17T00:00:00.0,730.5728782342801,549.391986617758,547.5205164579878,557.7141137101704,554.233742744395,539.9518345826408,538.5344711382656,536.4364447421532,536.5221222307442,534.434018582481,731.6422837982713,729.5574701743121,550.7062359221845,550.5744766421963,550.4244609194369,549.5795193495749,548.5921343302625,547.9209327259467,548.8268735323247,548.1582988617968
1976-08-17T12:00:00.0,756.359408168714,576.3408429124496,549.2237648106449,546.4245831095359,543.7925677430001,539.7219535883249,539.2518044430966,536.1596830660742,711.1605359528031,708.1107160754603,527.7211372755346,541.0579344685029,539.400253225809,516.8065689801703,516.3967787871422,514.6646133014025,510.5497397464077,512.8624755361329,510.9514226074797,511.0426513828605
1976-08-18T00:00:00.0,728.2028934326265,723.2706172158706,719.6872378380899,721.7709571000976,757.7287828724326,756.6210337126607,759.5873185407604,588.0640025809695,586.3789542315702,577.0338370325811,574.4021793377128,739.5756296279934,571.3816946678871,737.7852956315288,736.6503036136912,551.1484355638104,548.3388629764213,538.6045689927068,551.1974333249184,518.0876544028472
1976-08-18T12:00:00.0,972.4470770518668,781.2235752351189,778.4287724098361,772.4997905343374,771.0196743298504,769.9673064823951,765.7712492876548,759.7263948605812,769.0293955178147,765.4300872123702,757.4133186383693,751.7178181282243,745.5714815181608,741.1347490911766,738.0745314786293,740.3308348261484,737.5340035490963,736.000469263647,735.51140742826,731.4733026456266
1976-08-19T00:00:00.0,1223.5201434569822,1228.5733271695806,1217.892191654727,1273.498685619673,1114.8090383437811,1252.5352833390493,1252.6767965907993,1052.906835414262,981.768482629306,824.218501951568,1224.781708114597,1052.5006754717008,1051.8782024094626,679.4868043023802,1150.9536448113372,1051.750668169822,678.7930025613827,820.951207621134,817.8227259519284,824.3014183341076
1976-08-19T12:00:00.0,664.212452391214,656.0229942761185,662.1909472665279,656.7557016394312,655.2089824831926,653.9485679645367,653.9173848376186,652.2945931755961,651.4310180596151,650.0133210802193,650.9845448878224,649.7383605549386,649.0311250131846,649.8722454595386,648.1749822834822,647.9583310254716,647.4694050205803,645.4406158150213,644.8279249264447,644.7974930750219
1976-08-20T00:00:00.0,696.7049155950552,694.3274145771959,692.2574226948313,707.6444089086693,685.5929219255585,691.0947084238082,689.3104467045706,700.5670822505799,687.5374591255428,686.9457880604165,684.8420520187893,678.7981189710387,674.7320416061225,676.6696208657357,672.3136775958973,668.2599094554365,666.1042571228043,666.5288732444964,665.1762111385298,661.2512523288098
1976-08-20T12:00:00.0,765.2100435223103,890.2381444502041,694.7459853794296,692.7831404871431,685.6164538794732,684.3022484680399,684.5987499010514,678.0104184558945,670.3206963946773,666.6006671533873,677.2671620083912,671.7668104585437,666.0818791240814,658.8582234059494,654.8920153279436,652.4431873808129,651.5641207050542,650.3765619712491,650.0382989187361,649.4597641163292
1976-08-21T00:00:00.0,1134.0609953981566,1140.0002418760141,1137.9093447615471,1170.3669005246406,1132.6830146988084,1167.1252175908696,1166.7526956270747,1154.2456336033165,1084.998549429395,963.8653258092263,905.61000556756,733.0528562808453,737.3510526820381,737.438521307904,967.233850894455,964.252991270097,1078.2817110601995,733.4720188442155,732.4970416467834,1192.3977317871543
1976-08-21T12:00:00.0,1115.7132530225954,1116.6659267862742,1115.7433441127048,1122.2035013962247,1124.673888840833,1114.9625841930556,1113.0107393046871,1115.101141551784,874.9123674608351,874.8360736768776,874.4294069058166,716.6920163813882,716.4653399636362,715.1279601301591,945.1887735010066,944.4953468158606,1056.8512668134333,714.1285545454099,711.2149830502781,710.3435175415672
1976-08-22T00:00:00.0,1492.2129167924036,1513.782840391755,1482.2585532037285,1497.6033865216145,1468.7608540643307,1468.928753741956,1466.3955048034584,1465.9066593562811,1562.3116411082535,1720.1875172276136,1726.2701939555798,1724.9686503071669,1615.0999042127498,1128.0770829153307,1129.0419004764235,1114.7421703301825,1114.6071055430314,1265.6727361550463,1283.4716551329757,1266.57985243652
1976-08-22T12:00:00.0,804.1023308101927,614.9585866629538,609.6426083805208,607.3694579817205,601.7706908617603,599.4323041101527,595.2740999490087,592.0586923597031,584.8740073411418,594.1975205336386,590.327047879115,581.8641802237069,575.0570174158424,570.4751379150845,567.7411888318038,569.5060059548076,566.2198996876592,565.13497824914,564.8022429184351,561.0736839139445
1976-08-23T00:00:00.0,1052.6293359720466,1057.8230935543713,1103.589800822091,1047.5499390801494,1051.7963129134785,1045.5692575471085,884.0207122688392,882.401719405676,811.2365169007566,1054.3702309789285,878.2104956798854,885.4429962992234,972.2956065020498,1046.5652568858623,1053.9588634429008,764.2674592155802,967.0191910294243,650.2705321585761,652.7848805714857,593.1463708989465
1976-08-23T12:00:00.0,1229.0562045891513,1396.487064317315,1362.542668992067,1525.8934872707318,1202.0438621066214,1022.1118572007641,1511.327401804966,1426.4763779967795,1426.2154743094886,1405.7276164372,1424.759541970138,1433.7503675105158,1419.706938222454,1404.3954137423893,1177.605830305408,1398.6654856298346,975.6293397225418,974.5392494593827,971.1947552978445,970.1946058857396
1976-08-24T00:00:00.0,744.0215240191365,739.6660510157069,757.9931280340662,1473.7564871128034,518.4885955436533,1524.8883467665305,1376.4462469441826,537.4665401211158,516.480340614453,516.142896845433,1258.053395682988,542.0870682205715,987.2210772369515,1230.7737822982292,512.8750965822578,521.9536011853454,1209.3584023235221,516.5375271902919,509.0239599302494,507.1819164023347
1976-08-24T12:00:00.0,896.4468192539927,718.492032301686,716.1169491603189,522.0092894377914,521.0106455490078,518.9675905915609,514.8871108334944,511.41951521028204,499.28940776126416,496.71746944155365,495.41209816645005,504.33009537685984,498.9937833094432,493.6693553389924,487.2483282306066,482.1046603915756,481.32950074696237,479.9124077406095,480.30391221804587,479.45231664712895
1976-08-25T00:00:00.0,969.1367172671955,969.2263315748692,964.0107509826435,973.9773877427598,967.0062339492886,871.5311913921416,996.6956211194478,969.1260611754898,725.9965263962625,725.4247691024829,570.100938368377,791.9085297952652,795.7298254978255,738.5591501479369,795.7972806280897,795.7339106849124,864.8945122353912,984.8577392114823,561.891044392856,568.9274588121907
1976-08-25T12:00:00.0,1570.7486698384066,1307.796152929223,1569.2045614910944,1290.7598499620458,1418.7981953124104,1155.8005667136156,1153.4914186463286,1144.7356041688176,1142.46513542202,1142.146008927829,1139.9238918423328,1304.4661375776307,1138.5584758056802,1138.737952949574,1138.4382524148998,1452.2330633952781,1452.773824619055,1163.1724513489207,1155.7589550189105,1327.3712147573276
1976-08-26T00:00:00.0,1420.10714473724,1419.5459663727247,1095.206116694466,1413.4625986404042,1410.9020879610111,1093.5304947697755,1094.541300106331,1096.9917325748493,1095.2420449975957,1093.6553757688544,1093.3890796911742,1086.553877237922,959.7801423960024,957.4958393513788,958.3430861342144,964.0999866027332,1069.5639606325421,1054.5779661729816,1053.9998909468236,1053.354575908288
1976-08-26T12:00:00.0,1090.2386322527339,1092.143636979656,1085.4575116146611,1083.7535514611773,1076.7038069055718,1085.1249189532405,1444.0744738831286,1446.235946417443,1426.432668923572,1308.8160632105294,1068.643884202622,1388.120200007103,1330.3159774088358,1330.6610348606137,1355.7026774193318,1330.681131401394,1323.0402239750063,1274.6868836569402,1270.7307991271484,1270.4941844887496
1976-08-27T00:00:00.0,1067.6601396507722,1070.4138682210823,1085.4088766732823,1061.5072376808696,1059.9430891940756,1065.0175401893914,1390.2694199718264,1226.2667656457118,1082.1936711322073,1076.0722939315185,1075.8797488026744,1072.8303268621473,1072.860270288869,1071.5276503800862,1071.863086707052,1249.918155279675,1248.422309032633,1218.9081656339702,1218.5196612602015,1211.8302972630013
1976-08-27T12:00:00.0,1525.049007931128,1225.389068778294,1223.6370640734356,1256.5118820521193,1298.9754084482738,1423.8049261848792,1297.817077607934,1296.5843847912442,1236.3691070267305,1235.1676909015719,1253.7654954364077,1253.249871171397,1331.815984691918,1123.0155199330475,1093.7916987904127,1032.6223598888635,1032.6069575260817,1031.1723752363348,1054.2897838421322,1036.4212417533781
1976-08-28T00:00:00.0,1350.7064374198733,1378.4140843170767,1372.9733175011536,1326.2493591032883,1349.5485800022218,1009.2478191825137,1651.3290281756367,1011.4634975486061,1243.531728772794,1402.3670877229958,1402.311653625295,1240.660237841297,1366.1233264870352,1470.2882662307252,1332.651513514238,1358.0038593076345,1335.5592857601093,1209.0578039892869,1335.5111004241983,1201.3051748130993
1976-08-28T12:00:00.0,423.9285058218061,547.6912548484057,425.30068947594447,358.99155128603445,353.88770832780403,354.5088725837851,350.02878087154977,341.0899539800962,337.8215911443387,347.8481453059243,343.61369583866013,338.36266237166143,326.54347745066184,323.0858297571766,320.13515762075934,318.94057333110266,314.36414808087153,313.5914977102001,315.39695942414585,310.2923717593482
1976-08-29T00:00:00.0,804.9556592125033,792.2201676283973,791.4515347243107,791.5297163561324,711.8288333215152,711.187545202961,877.9210193051343,788.8353143132115,755.3944257594011,807.0597800998694,799.7083977496923,743.1080310030461,729.8463695688157,570.5391054402322,781.6046708690026,927.400969800646,926.7418580752412,875.7862329500705,921.6063748578084,323.6105051607803
1976-08-29T12:00:00.0,946.1941905721235,1107.0708209140225,944.436748470155,941.9585068762191,1261.7040347099755,1004.2017926086426,1179.9713743621112,976.4620223508382,971.8054968138415,970.7487609307126,969.2106037622909,1133.7271320961966,937.3525492634068,969.8063008697535,1147.6026675884666,1145.7012965985457,1136.1017749497535,1105.769679789849,715.195729440369,714.044059568636
1976-08-30T00:00:00.0,1249.4376836350016,923.0315860754167,920.5974594998885,920.1679029229784,1236.4485960581692,923.0054511006076,926.3241495623905,926.287436841943,924.1054388312868,923.1048326035931,916.5456875007105,916.2509875669172,902.8513157102834,898.8392878816829,914.0192397949269,899.9198308879508,884.4059787507117,883.5574100466836,883.7400561661198,959.183104769478
1976-08-30T12:00:00.0,1169.97401387805,1168.8083335025465,1277.535950273149,1277.6597971945282,1260.5058288323908,1259.058838151427,1258.1052638695662,1261.764827709286,1242.5297401401058,1293.728630970013,1155.7332608825332,1152.2331768229549,1152.3197820811638,1136.4170190528737,1184.4487693700926,1160.1876703661137,1161.9125926037136,1150.5947441799058,1159.577575349113,1099.7798411583287
1976-08-31T00:00:00.0,1112.5068862390367,1167.4573015015208,1229.3626076984865,1220.053557989341,933.0755449718323,932.7189868020406,914.2255542366678,888.6512483294978,882.7842577285718,880.8119575232901,887.5366907173147,897.8729703430057,964.2783857079695,939.3743085011339,938.744540001444,936.1305774850655,934.1676780809117,934.0638909267207,932.0243937112615,931.1572645299245
1976-08-31T12:00:00.0,887.1566199536529,1053.9468041880575,1090.8461967015628,1131.0184648959116,1126.4348475003144,1094.0431405606137,1094.3041753565901,1084.7337966865803,1065.6889196150582,1064.3963210380848,1083.5134217033894,1253.2822739062572,1063.438610090384,1175.886911567235,1183.2274375984766,859.8478030982964,859.1143472829624,1165.58351646751,860.6170420248749,1041.775251241671
1976-09-01T00:00:00.0,620.0515518485493,1064.7797051184032,1177.422328311633,1177.4399755778834,619.3699168176811,1156.9734983374472,1331.237658529175,840.6792017636798,617.2973815162168,1071.1927114503603,1070.7474901177532,1070.520808411751,1194.539640669371,1194.1751803628717,1193.7763843184573,1193.5886835096942,1188.3451289440509,1031.6529124504332,1030.7664333771465,1038.3437785513293
1976-09-01T12:00:00.0,645.170702315561,644.0069562945987,568.0663967146988,376.4150843667621,189.39215931004946,184.60916482477901,180.21012317260434,180.767269930271,177.5331505174351,174.65709753361028,165.85075053217713,155.1508791209015,154.26117264408282,166.77120016637127,164.72069702069126,151.59068145730132,148.36383538088575,143.8124146184414,142.24074886491422,141.49153936699645
1976-09-02T00:00:00.0,626.0119790898249,628.200616251103,625.0630432289431,621.3955492952317,625.3863986279649,674.1007525825892,655.2522661478212,550.3841461373042,384.65405831666465,226.8323960437426,625.1889386975649,455.12844013116705,454.2311310706474,457.7444572727829,547.5209164368924,684.0262720897027,336.37911460454126,539.8756775614938,220.47164717965862,166.7991080936416
1976-09-02T12:00:00.0,1007.7465454319613,1007.503617693973,1093.1172511391528,935.4852684579131,774.5623687121163,767.6387892165124,1084.4506642327397,1040.3373693323842,999.5111218842326,997.8331232049211,997.7809728213603,1167.824684010022,993.1725169023321,971.4999077197481,735.4848198789936,960.8434461895334,958.5762731660956,957.2997455417659,774.8244586112962,780.5192670230973
1976-09-03T00:00:00.0,1022.4564740484097,617.7931086301207,1017.9054355846603,1117.314340649649,1068.8556601590976,762.0835036593448,752.7463013155195,755.1446371072813,754.6776038848898,752.5868878863951,752.191915719361,745.6501703809256,745.1284885267306,730.3920366143026,731.3619414924788,729.7900275329126,727.9334154438526,726.7094379787576,712.6732281868201,712.0006146535518
1976-09-03T12:00:00.0,1457.5162680798649,1194.6376325384472,1138.6020921153993,1179.7904390491055,1088.0372504660402,1096.1094795381173,1090.6891733808914,1084.750964456273,1014.3753530467926,984.6719907164146,1099.8180418077238,966.6995263253741,1122.7042782238527,958.4704081219219,988.7115600954354,983.3280271466922,981.894592843163,933.0733333462166,927.2191614392021,929.1515664653492
1976-09-04T00:00:00.0,1055.6713412722104,1052.4616652033683,936.2702514427087,981.7704008089468,1049.1327710833325,1052.129620078309,710.1195545537068,718.0265169954106,711.4487689778864,709.8881737475069,850.1404308892835,645.8071079388883,609.944843496118,769.3876580265536,766.5308189813012,764.9368732459861,764.1395991594634,762.463585463051,761.4365888766902,759.5202843880184
1976-09-04T12:00:00.0,881.1156688018204,883.1640132175158,920.2663545880652,916.0839119511737,922.7602373840115,923.1458539388855,726.2344537820654,717.9672569014151,895.0431205886487,913.133698107534,912.0811634372509,911.8305488907995,1035.1320354225643,1033.2502015799885,689.6902675280662,689.2531878568984,689.8128841242634,689.7593388740138,871.8597167307319,1037.9941586730586
1976-09-05T00:00:00.0,1039.9190339079937,1038.5184581234867,669.6074934260812,1006.6035233979563,1000.8998461264201,1000.2944884851154,678.2695134583325,669.8167820202738,901.6359892403484,1061.1834881033142,900.0305141538107,900.0129487663398,1024.7292140323111,1023.7157935526392,1024.2809312221023,868.499455208632,868.869521291381,1017.0318989393438,861.4105423365928,860.0136282028442
1976-09-05T12:00:00.0,682.7586585425859,988.1675931155311,980.4741027766229,646.0022688918197,1139.8018753068557,986.3761337216687,656.6806469036699,961.6529476676678,961.5699134200684,957.9447217369474,647.7667242618523,648.8345798221203,646.6005555622307,642.0219472386502,496.41814867975205,512.0082648050446,508.83180529520996,507.1362883328736,647.5240615979349,647.7804363893133
1976-09-06T00:00:00.0,851.7932336229948,851.7528892685034,850.8794612575803,885.9158647604664,857.3824448348091,829.246170644204,828.746836854524,827.3476709858247,626.9146236191895,624.8394384124922,622.9045814483776,761.9253054764123,563.8825142531296,686.6384038603933,682.0957597005354,680.6006962713062,679.1225600179959,677.7625930903416,675.9981515712853,675.7446114404082
1976-09-06T12:00:00.0,829.7218939187409,799.9555734669648,797.4655496597968,821.2639200202719,870.5621950535253,807.7217038073645,807.3534024314796,807.4339069437343,806.1884840482295,806.0510904879089,805.0409154209158,793.7637614405314,793.0145857703604,792.3793959617159,798.2610482526591,606.0879758792541,603.9251791681988,604.7042977953953,627.6437759540058,609.7342835564183
1976-09-07T00:00:00.0,923.7846265333357,912.9873874568482,925.1886669743888,935.2983530307727,936.7465197832636,936.5514064089898,921.2141957584989,931.7440843986515,880.0150132019348,1045.7835965115364,876.8422490436876,921.4364391612171,934.2909652632605,1058.239739521138,930.4915458445162,1041.3204613570194,644.5536567320419,634.5838484257268,635.5187168572778,802.0482656426186
1976-09-07T12:00:00.0,1057.776567282405,905.9329966707439,1057.1272710224573,1058.4990564270288,1032.4531527756656,1031.7676039763576,1054.7357184578923,914.1065705784605,916.8364348285144,910.5298200975858,908.1026161066374,907.3760078035126,908.4106745307033,905.1536775988096,1029.168145870695,1020.9397717688071,876.0545223086494,854.643866776515,1053.07110138771,845.6024692168596
1976-09-08T00:00:00.0,573.9986277770139,559.1758850255658,557.3315225941658,571.0285236280646,548.3400013637572,552.6253304200083,552.8088224121727,841.5184168972249,707.5297334079554,839.9126833611081,930.5221565227458,842.900583893166,769.382257766034,906.599934173925,1000.1797063645722,791.3242265894526,863.5675476649719,826.9547062180941,835.9561788724899,840.5045702606978
1976-09-08T12:00:00.0,826.1183099619564,871.1152567473939,857.4344252776474,980.8814794292184,689.3199639791546,822.089894014995,608.1838612096399,736.3838686642558,546.9693368836997,545.4618540064785,545.054243249507,542.9387330790694,552.6144384949351,557.5813665621054,563.7492610495364,560.315075744704,855.7454565158131,854.8280749345929,690.8151161627181,848.6583608163085
1976-09-09T00:00:00.0,867.2606932016697,865.3135418480787,850.2137036254718,859.1688061348726,845.4160921028763,847.4840449667093,992.3558989939573,847.1568719725705,794.584542693779,960.8756902503665,791.5233054460834,791.7230655506804,847.7120782885906,844.8951348526397,845.0931813483572,844.1727116645427,560.0117232587168,549.1966641997565,550.4152184687509,531.1273077532384
1976-09-09T12:00:00.0,854.925345673856,871.9290759776637,871.827271102397,870.8026477949567,814.7973547286914,815.6032842135154,792.2180225461758,790.9352590562723,787.7691710810905,787.2567792921755,782.3589962949771,478.1899232572004,473.550706904968,471.3237648222769,476.53379493742574,477.2802696132721,477.4516431374102,476.4135801491896,476.76845795920775,481.96527576625454
1976-09-10T00:00:00.0,473.29389510026584,485.70418278531355,820.0215040038852,818.0945596592079,679.055832850683,678.6125664658061,813.1319664077732,812.9418461152817,688.8850625562436,631.124490317912,785.46125872309,782.3662669567984,781.8575872129053,781.1224790092405,779.81243080089,810.2688494958832,809.5276560996157,809.3899436361584,654.9447218742807,805.9647957854341
1976-09-10T12:00:00.0,927.8787414079451,777.1888000998447,668.6062784348305,896.7817592228763,735.5900487605602,762.4139093318538,735.6806623966288,525.6921122062877,461.47204098872993,456.97613437375855,459.1052137799805,622.4295915904439,455.88592103672363,457.4508190792014,455.84134490382405,770.0676069248456,768.1394702498093,605.4746629723509,757.7370142687555,435.83045823626026
1976-09-11T00:00:00.0,754.2379726146638,752.8709976256059,776.2372328168958,774.0068999712497,774.0197295302496,636.3309953920543,634.8285728192354,677.733439171813,636.9904880051464,805.2386004530961,770.468375181031,643.3246936003078,768.0695413950957,768.4954998405713,767.0320230121936,612.6641058984883,761.3110200848377,760.9436637120884,603.933083472492,603.9360466405909
1976-09-11T12:00:00.0,770.237205608527,1114.5073626939472,753.2896600178778,738.7146268810557,738.7934705637631,757.1774881595602,744.7506153354428,783.0856033510133,624.3974800902754,623.5612405941781,623.0915714382306,616.2043660889709,608.9211021249171,608.6020740269457,593.8536429758826,587.0109781570945,588.1581574764815,587.6301831190852,574.6042684697558,579.6304445263966
1976-09-12T00:00:00.0,602.4674647573114,600.148056505205,596.2074542561613,596.0512459951104,602.6643887262547,762.4611984490278,636.5563816423107,594.5120807012702,574.7585315171004,594.2952987659352,725.2577928027277,826.0544910883443,587.6898597388553,818.3281892248464,720.6373370333811,717.1841409163578,715.0152433632702,716.2438541677664,712.1866031917327,864.7328222419326
1976-09-12T12:00:00.0,580.8261302226101,578.8601178381778,574.5271064322295,619.2148358216147,581.3943530442967,575.0531123649153,615.3034623353313,613.7635266672204,572.7943802325686,572.4702651472917,571.6554706608231,570.6088778605567,566.4489047545768,545.2743361883882,545.7933488098888,544.2951030924575,533.9616991545064,530.7789425623072,530.0035684752814,530.6184136788742
1976-09-13T00:00:00.0,578.1498116502677,552.3337033913359,551.7898140929087,553.2677602473618,593.2876906664161,553.5476078034825,553.2487143599941,593.5878323217764,594.0873753514608,551.2063254918676,527.7052059919669,526.361021260599,525.8108720321452,530.218710033872,514.4596101245941,524.3621318565226,512.6966927101928,509.6246877365206,508.591883095516,508.27052112769513
1976-09-13T12:00:00.0,698.9377953686504,661.8170989672755,564.0467644167476,668.8050738659997,529.9072088248801,529.676713725363,539.9803403433646,511.11452410885033,510.8463534988762,538.3970184486184,537.8522774199242,536.7206742679506,503.68582962735843,503.52253138477994,502.1503926735748,494.71034874293855,489.21896945384043,490.31495170690596,492.6111305543831,488.1778759281415
1976-09-14T00:00:00.0,655.6727050512403,608.3743093706869,641.5570476860122,510.68219659481076,641.335510643701,637.4349506322405,633.193249675358,291.3516734562116,285.3929412629289,283.4075370884958,423.72897224658703,219.32760174212066,347.3444301363044,342.05764843089815,340.7581937833525,338.67045854291257,338.03412353478325,336.4485485959281,334.7644113006658,333.81833333170124
1976-09-14T12:00:00.0,455.6681159580452,457.0980156224514,493.70607399645485,488.50697520887826,529.0955695890591,496.7211118380438,497.03628521633306,528.5775791569531,467.51660959174797,487.31514652826536,485.6075029873475,656.2112383602578,608.1435162034629,606.3510896791822,263.6586169414506,263.9470243082583,264.60206567466014,263.78848213100804,445.3029441671097,267.86133519592886
1976-09-15T00:00:00.0,638.4145324791504,611.9865582358865,580.090845571965,579.8987334372009,574.5475142232107,573.9209786464394,698.2263773950255,243.2753740878517,475.6231221105638,634.5457885025542,473.31983405192136,473.2547803626968,598.0841647003714,597.1017751384519,597.710549665535,591.606211263694,441.7508254483948,590.0419258269899,433.6129451215333,433.0584797862284
1976-09-15T12:00:00.0,598.8696561163325,617.6678172550481,616.1471606741187,617.076058681715,712.9787748404461,228.21883579381415,230.1851525328148,535.3130942499135,535.1286158751922,534.4274122284334,526.4153668874571,221.03765002592633,220.07229808777373,215.31790178263716,220.42923039094845,221.7730552387171,221.5274871699903,220.2849022323427,220.50382055938513,221.16153025710202
1976-09-16T00:00:00.0,613.3068363240037,216.74948864353888,231.1295212666754,210.10192140683128,573.1993898778879,592.9036476143943,574.341585124131,590.7850750953885,589.9715587646757,589.7915126094737,589.2931157407505,584.0366989149794,526.0320693401206,524.9637535288653,524.1473460026137,522.4480629242017,521.9024039406635,537.6519723130541,399.12516887636406,537.4380824015765
1976-09-16T12:00:00.0,674.4720427153092,673.4183351618899,670.8018057879523,672.9402498936889,670.8969909835716,673.219360946947,671.7827187626059,670.9682779363009,669.6021198391178,810.946024428597,807.7434761024906,807.7478309915351,807.0588921997422,806.4485716404745,627.3792367456482,806.7438920971879,804.9495858303117,805.7177151919469,804.5153421106309,803.4978250166729
1976-09-17T00:00:00.0,1135.5699181759762,792.7151879924517,848.9367327722352,618.3188324504634,1036.7641925325825,1024.8602173167858,651.5599771083488,649.7879240878324,648.1164103446108,648.2767679733589,1015.0681218053544,606.0711307558427,595.3806978831046,867.1811190932098,844.7293794138482,849.0041588397977,1013.5817354934751,617.8588720038392,616.2344242551313,616.1099902908178
1976-09-17T12:00:00.0,875.2365288975634,873.9854867544585,1202.7888013460556,1039.1892419922956,1041.7068876703254,861.6509992294574,1027.6398299596121,1192.4227970346387,566.5510609748166,863.3111583000181,690.7920862550765,682.9657678199583,843.1110275293063,842.53068027645,850.0628678593179,847.4050629159613,847.2772864892773,847.3242538875539,845.719033170997,844.940098177062
1976-09-18T00:00:00.0,344.60838074453096,346.0628248375586,340.16346591045925,338.42878380664104,379.8716726371786,347.21952950553197,380.4810392632878,338.2014738897723,338.2104961456372,317.68301960307025,336.8820671299372,506.62119345386213,569.8151750549462,570.6303667128306,463.0458234199585,545.5679422953683,462.4896931456225,849.3327196136343,568.1362008567976,465.2752900617218
1976-09-18T12:00:00.0,322.96899445675933,323.3439997942612,324.54805276327573,363.21008630835354,308.98092875026475,358.63592464142516,326.52937907494425,316.94736627359856,316.8964305544221,316.94033003252974,315.62048503965315,485.17382776487705,311.3370716685683,294.0160805988577,289.7430545437217,289.3506252467249,275.6130903018833,275.9995859842322,274.18927705635457,274.61181623221876
1976-09-19T00:00:00.0,764.8612108346931,566.2810768580961,563.8225266479072,566.5492354321672,565.0834058053077,931.7173389796654,931.1644303169749,930.7326083340525,931.4861201437941,931.2856057826893,930.2488150488465,936.6714135304492,759.1126292031345,770.5330559800433,742.2140231717574,769.3850569968512,740.4351707544597,531.8423106047992,529.5153085348776,529.2165261634336
1976-09-19T12:00:00.0,447.8835286878737,420.03647889707025,409.07792217780406,411.40859138393745,274.0573983105197,442.4070427828438,283.8475917193147,308.8631173202857,274.3594434485954,273.7509260340205,281.44864508956954,281.36146504200326,405.48258639578154,404.97790212742797,246.0177453354715,243.3593922352715,233.27784370733266,234.2886493111848,233.46043488364958,232.50251088364624
1976-09-20T00:00:00.0,891.2235158230583,990.178920867181,889.9253094818829,889.3523887621865,888.8457366924365,1056.057014232967,730.4493248290097,1054.6960007128932,887.5673778751225,1053.702024811401,478.3567110630933,525.9169289643327,524.075664752201,523.2137488202098,519.9571776654651,519.4783789147265,520.2591570674851,519.3214534169969,524.1296738079845,521.3084161811458
1976-09-20T12:00:00.0,500.36027253160773,499.4748871973292,696.8101492574053,484.5195096563343,849.5228949203697,611.4052899036989,837.6303682203211,502.842147849458,367.98645879973697,503.2056761420514,456.30391296045735,506.44807248452713,345.4937903554684,337.81268889719547,702.4931088999965,695.3694927188869,360.64272095368125,501.20437022867316,446.4787520057126,864.211819206661
1976-09-21T00:00:00.0,894.8950531751465,893.4577063885326,745.3607644081668,854.4250151953302,854.3603732667686,851.5339666502847,849.9330335587234,849.7333600241246,847.0430775622181,847.2566349026436,846.2366543362953,845.4299994790789,844.4140060687312,699.6711564131093,698.1917678140121,696.9238772993682,709.3184201920793,708.7767445278893,707.9549127553665,698.1921988326933
1976-09-21T12:00:00.0,889.6168311327012,743.6144438783435,883.0456601974041,791.6990504813984,608.6875259569828,880.8684497694852,741.5457886287318,870.4423340735437,1036.4767015516454,713.0395377995858,710.5317736695381,1027.770284278597,699.8228682586551,700.462272419115,690.8580957240143,594.172431261734,687.9828319955822,574.9086586182691,638.773813646431,710.7785370090828
1976-09-22T00:00:00.0,970.220967363079,641.1734259168605,581.1207462444366,806.960632780459,865.4399386296445,958.61418173534,970.2340758015878,971.8969368378732,957.475018205326,891.5665130912953,802.9530365912319,790.484862341334,656.8654699321705,655.9625571056723,746.5578072276247,960.3899263484891,824.7251525626539,583.3858488054997,584.1970113336702,619.0033980771586
1976-09-22T12:00:00.0,419.5546889170329,415.22610157395206,417.08326004314495,413.7394358851051,417.0284320342591,415.69214051754045,418.3755501188371,415.16713900288966,413.73919796859553,412.98155609271834,416.8485347676896,550.677525542139,551.639784163672,550.8335353489523,551.3300128324383,549.969035376027,548.8475405109601,548.5741379836584,549.233258541254,548.6738852183767
1976-09-23T00:00:00.0,861.8948665090154,536.8341862829631,953.5765598076788,759.7770478545464,777.9743833238435,813.10059199887,780.524175542092,393.8336447683714,393.03061450185993,760.0945668208932,759.5459743723854,760.9856996198297,761.0081291092217,611.5213626462751,591.2629479012915,592.7740898284617,334.89570770186936,594.9822777151827,361.2446382015385,359.83476052234624
1976-09-23T12:00:00.0,740.5823027969764,583.0342562658216,555.0353447310326,542.2692754917792,373.144152318847,371.14328977756975,332.0614204544222,333.3488083916976,333.7993264230271,329.8379767058605,370.64305816364975,594.3298524653954,327.162149568438,327.29708525833325,323.7985700856274,339.1239294406799,906.5136919836115,324.64588487924675,328.65672651370966,763.7843496124342
1976-09-24T00:00:00.0,723.5823798797912,721.2482396295118,910.9052160598864,718.4717865036778,717.6665949352141,718.358919739774,717.2483549021224,559.9131602216461,556.5963495481752,883.0749174445994,717.1996363151616,883.2243032783715,718.7275379959539,885.0749453685115,892.2245161137523,349.70140072135723,348.89079414810516,349.5452383478948,348.75439807577465,353.12124916449073
1976-09-24T12:00:00.0,651.5717948512033,523.3316887744977,627.0276894771591,685.022897176826,753.7649426162229,625.3495384649758,623.8246844403162,622.3580144143062,624.4547267317213,622.1448783074212,744.9838081113936,623.4330043112108,745.7542188008845,508.8279861283772,743.6397118231852,746.7461099728102,744.7757421266111,899.6876113624066,902.1564869122878,726.4770663539416
1976-09-25T00:00:00.0,787.9722001644006,1256.328239328733,1178.7542874803949,1266.0036679122934,1586.7534298954836,1261.1625737929676,1263.101258691162,1513.2076109966833,1265.0736693014878,877.3713921244304,1268.4992110215169,1245.646457374363,821.1087889670706,1069.0910983968256,1360.961603532313,759.8135614070084,760.4130893018757,777.8348858024021,1192.2387230870422,1192.049963393048
1976-09-25T12:00:00.0,1478.552778539061,921.3694017694468,756.3304953070386,754.5570443307646,1225.0839068044186,1232.2569231956438,1507.7018101219026,1226.5630358562053,1224.8859661747167,852.0909821565481,741.2838230909177,1027.6081994573822,1026.4677998480108,739.7226237766635,739.2867151911398,738.4627150805943,738.5753369126394,739.1473693585767,739.170145660101,762.5561747538563
1976-09-26T00:00:00.0,1378.4729927717094,1214.1396774506288,1011.4916492305648,1030.7094725494892,1236.5597038466274,1039.965927884184,1038.2332316327868,1038.2953821856522,1312.8573196291181,1074.5835926231866,1038.8285627731657,1072.4149130068656,1072.7083066695066,1074.7612910219223,1072.5571788049695,1203.2009563752245,1028.7822894842577,1028.4368657417956,1027.2645217536838,1205.9712691652496
1976-09-26T12:00:00.0,780.93456400757,781.8887108828399,780.5716440688934,781.6841007002397,781.0998443133407,780.439405431591,781.0602282124581,599.8675592975661,777.5353523446181,785.202328540336,401.6452818843932,466.36830585876675,465.0451549954346,463.8656101335298,399.2595301447094,591.6488078215976,591.1329407138726,767.6701983700171,427.247203644805,588.3566456930569
1976-09-27T00:00:00.0,1170.096244486622,1176.0717648941602,1173.0179583884353,1711.877142455975,793.7973871257777,983.6537097237867,1400.1241723656822,985.6677429144744,975.2214989560574,919.9040745120363,1779.0115011200076,1796.707929673332,1776.0113281920012,1803.2633078579254,1826.3224128481997,1060.1109087173634,1773.72804563312,1059.1691761394648,1797.3877475098368,1056.0213273895677
1976-09-27T12:00:00.0,1569.174084321287,1567.1540658593021,1748.9399935699378,1500.1233568514383,1756.3529672641725,1754.9982851775071,1753.5720875087231,1468.6699424396559,1749.0344441887758,1555.3418828180666,1519.6357105461482,1755.1631434758367,1749.1611059740978,1752.3644938931607,1774.302564612561,1773.4991943469752,1753.0206876824054,1642.3676251066886,1640.6032203566594,1756.619290338853
1976-09-28T00:00:00.0,1461.2989825894224,1729.5552275464036,1464.3143487525415,1717.1235078719974,1724.293119616531,1155.0245209893606,1473.2764534191715,1472.8822190121784,1470.5570697081712,1469.0483608436687,1467.6071508851487,1467.4546614285844,1727.2347430005261,1484.7615160527587,1726.737509938723,1151.3002984088175,1719.5231109463978,1729.2433458903913,1615.8214393454577,1586.8814908405184
1976-09-28T12:00:00.0,1687.2024219452787,1703.4946298896791,1712.0663979375147,1704.7302375834763,923.9719356742719,1512.0452708938324,1141.1531330157438,1710.5303390277218,1702.275123633593,1132.4443394910131,1131.2632980687083,858.2442032725126,1697.3836487481672,1451.3583319558902,1326.9389474905738,1446.2870723444955,1705.6938965992606,1372.902340061101,917.4749534782426,1378.0913224623557
1976-09-29T00:00:00.0,520.4415702873,510.926680324965,507.1773599759506,509.21995451073514,506.16732610449736,506.3719087402206,505.56787907238436,504.82387604449434,503.76841295223176,503.49420555170343,504.2700381560372,344.1118150092373,342.5827233944694,669.5516619283256,669.1997207881863,504.4211641675622,671.4588132374558,671.5385994904641,521.0593853904807,520.2369765544223
1976-09-29T12:00:00.0,1446.555126084551,1474.1611804193128,1670.1634628340275,1668.8729423925745,1437.3475501741514,1668.0398196112612,1669.0689393793236,1667.8139829919508,1411.3388100033285,1642.9255750949255,1421.1790105317639,1418.8954920277151,1657.6759383828548,1418.0706636466266,1670.5379336862716,1666.0659974942798,1405.743329266942,1405.020661424955,1400.8651829409544,1399.4411401541452
1976-09-30T00:00:00.0,1648.250183975146,1676.4824223780565,1471.6035634701177,1458.5921794724482,1393.5197367936462,1392.6606422943048,1389.5262370355126,1388.2671252728314,1470.5087105048067,1468.7360303710886,1465.7113613368774,1033.3635014104655,1071.092189511488,1462.4421510901586,1380.0313272924232,1458.110361881682,1458.9353491566055,1457.1865980531331,1347.761131265019,1355.663041743899
1976-09-30T12:00:00.0,560.4428784510724,233.45630547681418,431.40705272385344,506.43446148598827,428.5672162608142,257.4747731951252,496.4768613358585,366.8715321262654,491.27911103295855,367.02252047552605,366.9056151952712,489.47232698881106,488.35232039766294,487.4196085014395,488.60843460354704,486.61633199207233,487.2405997429833,323.4990690690185,488.3018360258764,487.0575817634558
1976-10-01T00:00:00.0,1595.447404918952,1303.022887405097,1418.3902176051167,1031.0424151713505,1405.1793515930033,1402.5313388073257,1084.0005774968072,618.8837393995562,1346.6404350642417,1017.4222451232533,1030.4192865547202,1029.4191960163503,1026.3977171508159,1336.9109176280654,1219.8310345565249,795.6915495914437,1234.0801483492348,1333.1353049583265,813.6750878257109,1332.8734376397524
1976-10-01T12:00:00.0,1295.2141536260315,1559.997811570447,992.7620886008988,958.5858634980282,499.4608738368655,1557.9787076936796,1311.6263630355459,1308.719172883154,1307.4057639537475,1305.7416880937296,594.7454219098263,771.0944199462921,770.4635376501429,769.6766339922802,598.0744614440734,595.5572218756362,739.7317871481492,1192.610428702382,1430.979271746835,1195.0635587234794
1976-10-02T00:00:00.0,1346.0753853847066,1289.9337397948652,1352.9992699046747,1263.4714293799368,1553.736999301406,1276.9781305928907,1302.9337022106895,1301.9987842576504,1299.8235718547912,1297.5260935570413,1297.234870323595,1449.9353511928612,1558.0984316829679,1262.4043310796728,1556.020137759258,1158.5610916164187,1562.2906033224447,1547.9937653307204,1561.965030307986,1561.7496263305777
1976-10-02T12:00:00.0,1543.6404128050176,1525.3862013114492,1532.4051580011255,1532.851523306076,1532.4089318816937,1542.1243660893351,1531.166308724173,1539.7022491510902,1531.8915787754836,1531.0882970752562,1544.2024454145371,1527.846724590778,1543.3521047596528,1539.0460579579417,1539.7424663980687,1539.42031133456,1542.4013811366128,1541.016552810755,1561.0432673270857,1527.9718954889331
1976-10-03T00:00:00.0,1504.3921766584106,1521.5492712704229,1522.4870303899702,1518.5917401275835,1516.704298035267,1526.3180535968443,1660.8579739353522,1524.822825647092,1510.9076503616109,1516.8578276470698,1519.449198653044,1517.0465084114444,1520.102284557574,1514.7434317194204,1515.7957479834333,1513.3936468901513,1513.018310383706,1518.713943961948,1519.3233590324496,1506.9786567347298
1976-10-03T12:00:00.0,1490.5871018340004,1311.134923896905,1499.6858001624475,1491.4784352876827,1242.2010861003585,1497.1984547382358,1499.3358004420838,1497.8993733832276,1266.5053222789443,1302.8391096563962,1299.271661755835,1499.936534334541,1298.6788649857099,1492.089880467174,1253.2081986387157,1503.1351974093382,1516.7298581076857,1229.3907442107995,1512.7487991994192,1497.6556969864837
1976-10-04T00:00:00.0,1283.3670617339508,1289.399787802483,1479.3230959919445,1478.9922920953893,1222.499849540982,1220.6919200179607,1219.741488779188,1218.7517699959956,1216.6549708795392,1215.115211815418,1475.5032524052785,1348.4697169407757,1470.6426278668296,1473.2641685372653,1472.0060965684245,1300.1875399568194,668.8222503976234,1216.4203236492106,1395.905952065754,1397.2263212181383
1976-10-04T12:00:00.0,1599.8607276299447,1598.0137699029156,1581.6003402868919,1596.9177814458562,1439.9441914780998,1260.7033148644484,1459.1394480662557,1459.4383044103108,1430.6561867965388,1445.7940379373892,1451.1429240405082,1052.9505336272816,666.6441774084163,1452.0738409685673,879.135644426132,1450.0253550410002,1448.2758949033694,1455.2313913465612,1444.3183528749319,1195.8876747634404
1976-10-05T00:00:00.0,1438.3482119966297,1436.3832063860164,565.3440369040877,844.0247799434279,840.99668113952,1384.576582085345,1315.6603513416248,1264.537107214782,855.5041728398754,860.0687108067425,1032.1578135966056,1304.9393912824908,1032.8266414514367,853.0618238965315,1170.1489603105588,1168.6931385016828,1253.350968340696,852.3477972448796,816.8516432452315,641.8163401935184
1976-10-05T12:00:00.0,1242.321632991098,1244.3457214347418,571.6929502322735,1127.4830917858696,1018.9721352677152,397.1506832003942,397.0336194159628,396.8517263526476,341.1628673551861,1061.6207976933892,815.203823219854,1078.708473348197,1028.0187406042862,621.1962646735662,313.759157977367,311.62257495423466,604.0903176101588,604.1118916209992,913.2697918518785,313.84648899827357
1976-10-06T00:00:00.0,1535.881812571881,1535.8404090029665,1534.9142291758878,1534.4458536397276,1534.606664509765,1534.0701433310742,1534.788259259914,1818.7249874372994,1890.1540177543739,1890.1955682037558,1817.3293972922063,2089.5082941102173,2083.9907692074207,1387.009684559181,1386.1483177228522,1384.927466284962,1391.8260329714449,1391.234367165848,1391.5993230924494,1378.7586834745023
1976-10-06T12:00:00.0,1982.1105239679707,1976.1254237455207,1980.0640193212837,1967.6054568341035,1967.2387752989177,1973.8001411768187,1957.450617205468,1973.3929878758966,1971.9594590380807,1971.1957084338228,1971.1055676236053,1944.4764344479358,1974.7790755907643,1975.483084523288,1919.4039646614808,1905.8572962747608,1906.7586094631693,1957.6076620649221,2079.758694513262,2064.781946750149
1976-10-07T00:00:00.0,1349.1702894389873,1350.3731220420648,1349.0466148696378,1348.7292042050499,1262.6561767367355,1358.4580174529503,1346.2054111174643,1354.138923002176,1353.0003782300505,1379.0723377047616,1149.609226841872,1350.6938750188565,1370.6446534429062,1370.2301379740393,1187.0349418381013,1372.2000159265529,1373.4548625222174,1370.6430164911499,1183.7259554080515,1173.3499369325436
1976-10-07T12:00:00.0,1142.9788451347758,1140.5462126935993,1319.1303984805345,1073.3383610235744,1072.4864814230443,1129.6082521552187,1317.725176566298,1326.3664220006945,1325.7067987482922,1301.694522495557,1329.8629336502513,1317.443903781327,1127.2684757761979,1325.399683964127,1429.9899901226088,1060.447312294321,1325.4607984442957,1215.0428675000076,1213.9160516598495,1330.3488100719453
1976-10-08T00:00:00.0,1121.6652463553417,1290.9292784273184,1069.331249205297,1307.4112718690897,1051.915908593982,1050.089161606798,1048.4641933927423,1047.0796180247517,1046.2197270410604,1045.5006122251937,1279.5136979861525,1295.9102567506218,1299.9673490853852,1302.5889524630147,517.0944816324919,1301.5261503784882,1300.7733486905292,1298.7439475094766,1192.2027948138264,1297.5557507951223
1976-10-08T12:00:00.0,1260.318241855246,1282.2872419504492,1276.371679484374,1083.9683955666299,1286.5145600140543,1275.7948142558573,1283.1990989388853,1284.6525650457681,1258.970798179803,1258.9580638801776,711.722448550151,711.0429401540573,1279.9070465399493,1257.9866443329302,1282.6001031116102,1272.8545129280658,1279.2608974086884,1277.6324866074228,1276.6048352399418,1287.5404347225233
1976-10-09T00:00:00.0,1239.2410656147604,1261.4623528805082,1260.5692678669157,1264.4787897069352,1257.0499587699073,1263.3794253278688,1262.2755551749158,1262.2885664895077,1237.7497024083063,1254.6306841467201,1410.1491617092752,1261.9884933809294,1688.3843818961138,1411.0927823971476,1403.847127643361,1412.6416399907796,1259.6747567456462,1414.6743945920782,1251.581103982728,2162.8135036095196
1976-10-09T12:00:00.0,1956.3609158894808,1963.7103849039613,1548.244726497892,1938.5948392333091,1941.4859835787813,1941.5191969801333,1940.2647201424593,2098.2663153226918,2098.577587549632,2056.335303008606,2218.905937623346,1744.5125871343369,2644.8885788711077,2643.4509340985305,1843.1621553288583,1784.2734573706007,2675.412799174867,2501.572924205493,2501.1185611907345,2500.781626957088
1976-10-10T00:00:00.0,1725.0022534839295,1730.778615099678,1716.0457095244446,1391.2351059220719,1410.7819421676888,1714.6091250429154,1713.1072455236406,1727.0837554606057,1712.5406656269072,1729.8221292726896,1688.411401441279,1708.085111694902,1722.0890430858105,1687.4524584944943,1711.6566299702185,1440.3256257197165,1425.7166441419483,1360.7403575140402,1359.7471927418937,1360.1527190075774
1976-10-10T12:00:00.0,1202.8851358404263,1183.993259002768,1184.2036748566456,1184.2431969457364,1183.8711645022581,1190.1683490516275,1199.8934742540275,1626.0841170995097,1348.620173718129,2103.963255500321,2160.075815946248,1358.840538276269,1785.8985163722223,1785.7439147535165,1699.718182392922,1323.0253134225998,1747.2818083962588,1735.0516368791582,1781.0420116523137,1906.281749424142
1976-10-11T00:00:00.0,1163.053766613837,1180.5340129298922,1179.8984917226364,1179.503800188415,1178.4713614789744,1169.1189183897977,1176.4382864755628,1178.2926692586223,1177.557492721813,1173.667719743587,1176.3101595508947,1173.750727657012,1180.6360247255336,1171.8972381878732,1174.1310143552641,1173.4552478261735,1172.775005261951,1170.6747952105889,1160.8521960015105,1178.054810094509
1976-10-11T12:00:00.0,1706.4476433449006,1589.6799192117167,1662.3158415024452,1662.51450093374,1661.6265899552714,1856.2484317079682,1856.1867908463487,1856.0454143537638,2017.8020816260816,1969.4959507511373,1967.5147252901468,1659.7327326563843,1659.1361703345622,1651.89891028528,1657.627673355139,1654.6687495811443,1657.875213571268,1655.1070954691693,1139.5053239936838,1272.320310104453
1976-10-12T00:00:00.0,1634.6214507027532,1635.1328236365869,1638.9105962858844,1644.1527995331967,1638.7780049972564,1628.7103690998333,1627.9509371521451,1642.7447201843354,1629.522444144623,1634.3912715310357,1625.8364690533085,1598.678272718969,1597.0918294313208,1589.7189866590238,1325.0235352466532,1331.5409539407642,1725.3220614595302,1273.9413750209765,1275.596913998285,1274.6796063108306
1976-10-12T12:00:00.0,1258.8241484093649,1258.293702265671,1257.5390913474355,1257.7193889396822,1257.100408697818,1257.5967841275592,1239.0278938815059,1254.0539375053465,1263.6183565011347,1263.5776990281656,1262.3676817023868,1262.4348646674828,1236.596036059412,1102.2180486354368,1538.8715744765166,1538.272313550657,1538.653684530077,1538.7103712859089,1612.2963237046552,1609.8611930815891
1976-10-13T00:00:00.0,1113.1410303533191,922.2461327847225,931.4674129568168,914.2787321760383,912.7951331054114,915.6326732940015,918.2132543465867,917.9645423657381,917.1320424108302,917.8678442499338,912.7290465232678,910.4281504466602,911.6661044149172,902.4180706460248,911.4760465959312,903.8071945031575,902.7308806657709,911.742810152834,909.6127093773624,911.7061771384017
1976-10-13T12:00:00.0,1672.3847317313223,1679.559907937978,1056.1740978641865,1063.6768303223112,1098.4603338202405,1677.8154186643028,1096.6912571909952,1373.5438739783115,1097.9947351216117,908.0568706026656,901.2227469329601,1374.6658988045092,1094.2603510254512,899.6274004237932,1091.9159404832671,905.7515664609417,904.4088117388475,1373.0814869283436,1647.1990417286386,1647.139718073348
1976-10-14T00:00:00.0,1555.523726988687,1551.0780799152535,1549.1792786204262,1558.0770567559623,1557.5770942608635,1543.9168100056174,1542.2584698149842,1556.1771027425675,1560.8121303324292,1552.8724148583037,1543.9478948815888,1516.5499755588392,1510.0679350513333,1553.5187479050744,1512.6600003043723,1223.9503770373287,1220.5726276402006,1239.4151008212775,1492.7194430094328,1480.1323177813574
1976-10-14T12:00:00.0,1032.1945957351545,1030.7531127422726,1020.3260781015007,1013.2162042497334,1013.3076673435198,1028.4221008248778,1279.4162090713676,1535.4486937571933,1535.559739126758,1535.110591218966,1531.6291246429394,1535.6152328375422,1523.912211162974,1537.9917733764935,1490.1033213245448,1524.5158192812669,1520.190831866258,1533.5843932504729,1201.1158240204302,1470.7525919441255
1976-10-15T00:00:00.0,1010.7558955325172,991.9681719292319,1008.0723182453667,1000.6805263969984,998.9723287565726,1008.5774964084861,997.7978519630009,1007.2588908437798,1005.7494508145496,998.6771871606511,997.601531764907,980.754747532875,1005.5729812710013,1005.309598028105,1006.9949104154587,817.4318786574798,1008.8401888051407,992.8218331058869,991.2909251296902,747.0455988908503
1976-10-15T12:00:00.0,1684.896347358602,1682.2460145473149,1685.7829828157562,1698.176062556162,1685.8393434821398,1685.201339370005,1685.992499256029,1683.6515845731753,1842.5793031373028,1798.8207037212917,1796.458218364484,1411.2984390895986,1410.9414142577566,1410.9515792149787,1410.8694333642595,1683.6855001402466,1681.234292440683,1409.467407053259,1943.924267951754,1410.5718144403947
1976-10-16T00:00:00.0,939.5553738635862,786.8151163281948,788.073780979258,1108.6919705339994,1105.7126399260183,966.6983069831458,965.2869838859107,963.0904256300597,963.1241089453694,1113.7759103770497,938.0420010214177,959.7546554415947,959.4625287279658,961.5170669234955,960.8213185611738,1112.2565167339008,1249.883031749111,1079.7931092898343,1107.2739676723445,1391.0609838491882
1976-10-16T12:00:00.0,1376.4745624247046,1376.4576826409284,1442.7198319381491,1445.0619207762127,1450.9298924948969,1438.083619486162,1435.5786407262067,1449.9835580806514,1085.2769231717725,1084.3894868529305,1532.5345457295916,1445.121408569557,1083.1393342203335,1405.0034114247553,1440.7703362557406,1435.1078608923297,1457.0318240121755,1392.8259333993258,1385.324526860455,1384.0487102904615
1976-10-17T00:00:00.0,925.4279268996029,757.2559755827759,948.8063008223464,748.1397284629714,745.7849767661512,740.7959784110957,738.2595925393088,743.1904713400074,742.3269407736302,743.0640981025435,742.9221355804063,735.2260840143587,742.892407526609,737.2250526776339,733.5088212695799,732.2723284313402,739.7813211209204,733.8123073612786,728.375115588381,728.9984316310282
1976-10-17T12:00:00.0,1335.7638246047154,1027.0636526687324,1475.4005645311547,1657.8227956898977,1488.7714452822065,1204.2565303887916,1205.9876534585396,1201.4999655281356,1634.1174708638928,1612.358689837429,922.7349143886646,738.1161694535423,736.2492785963543,719.143409357914,738.5089992381727,1756.7353238335438,1403.2662398960454,1402.1244036523665,1676.7393415903757,736.8884012103465
1976-10-18T00:00:00.0,1385.2367997883339,1376.324415245895,1382.9013561706874,1374.3877491374285,1373.6310009854974,1372.8001076928772,1373.5822886287074,1371.5081116345182,1381.0551040909738,1381.9019134413636,1372.9462537217853,1341.9788208101495,1470.818076722991,1349.0174009657608,1333.1454129522353,1075.594834962474,1261.952951164328,1312.6907999427456,1019.4202068837805,1326.73729787345
1976-10-18T12:00:00.0,832.6653039466585,1355.123311120087,1360.5720191306527,1359.4237138791495,1361.5582105973247,1359.1255159009013,1352.8017932968085,1350.1567472307693,1360.9084341089738,1349.8172851360118,1355.3362421464408,1365.1481094851029,1364.4705486811115,1366.055593489128,1351.4464949029095,1332.8993635554002,1301.0792684693747,1358.7751772202632,1308.831941005279,1018.5214630826727
1976-10-19T00:00:00.0,959.2097308177612,834.1406903413757,838.411875691032,838.1258828270612,836.9651187283454,836.1595361107039,836.4376607737855,836.1269116463917,810.2814663057634,835.3673653175076,809.9732645678654,810.1716437597854,837.6927607066604,832.046471320117,837.8759433973578,836.0118572469928,833.0238098813485,823.3629986400073,820.7174434501343,836.700702425464
1976-10-19T12:00:00.0,1416.8269951506663,1416.3793188806164,812.2401297492394,816.8283184339682,815.611883362596,644.5360301499898,816.0607580948898,813.8795005067933,789.2822031055944,789.5799515007068,805.3981191762745,813.8567473688333,813.5286846208354,811.102925303854,816.2332664874665,790.1623828904103,808.8472524295036,801.9013151829722,799.3209000834656,824.3242221422162
1976-10-20T00:00:00.0,916.4056938793991,915.7167797220422,920.2702337203024,935.0880362985461,618.4552419401081,789.4715139423245,797.9465644737614,620.2842330265473,614.1755093235039,631.606101354437,618.2140275035209,789.6063708450506,790.5951620182141,788.9178249767114,789.3004943330614,788.7526968440576,789.1908616087018,939.9913395940297,795.0874634967832,786.3362508921808
1976-10-20T12:00:00.0,1079.9462499445972,1076.2564098615833,1269.6865410500966,1280.5908050017567,1267.4507190999016,1280.3597711925522,1266.9277110634916,1280.1248485686629,1266.8583056018447,1275.1688745034305,1270.0458570675535,1235.329019797463,1234.443695721624,1275.7875593655237,1265.8548130208028,1230.7074869954915,1215.5507463657084,1212.484556137065,1215.3603192239457,1220.3557018694348
1976-10-21T00:00:00.0,1352.348688933759,2461.4581238982496,1056.294282053006,778.1835704500542,1055.7420711544169,1300.7642241474282,776.282001127207,773.3394210050476,585.5240320890755,581.4540606490115,574.6368068217042,573.995675110557,572.7322999025893,574.0148328493569,573.9376292402314,577.1543588377698,572.4932354453832,567.2674850406447,568.7032338520304,563.9933804015571
1976-10-21T12:00:00.0,1330.3462003327265,1331.0883311564128,1337.905962505787,1318.9271218353124,1316.7406504220487,1469.2042202516604,1441.8260106841135,1270.8576184195967,1270.751421221974,1275.8935359903994,1425.289958502434,1438.7923160594094,1029.4011020266066,1028.760352650969,1443.9251372994534,1502.939860784646,1479.3096960338437,1032.090427139437,1230.8777972615826,1230.2238932907765
1976-10-22T00:00:00.0,1213.2647909415073,1209.6765702372757,1207.629768127966,1216.6553821587938,1216.2733267939273,1201.9159260510803,1201.2299415201965,1210.1019994849426,1217.532943737502,1210.6731708310767,1212.2082436392798,1210.9378870277646,1171.0407679666275,1169.9694123323632,1206.1317115214924,1201.5981133455227,1170.5794257119078,1142.8799635085031,1142.3098082685674,1149.504765264113
1976-10-22T12:00:00.0,691.003600979854,689.7114862197876,688.0363562207882,688.7944730778826,679.0109618288483,678.6259546591715,688.6734076408256,686.3998052103218,678.6250078788973,678.1440897179764,660.7578855111853,686.0937660926379,835.4407558798212,1113.4337682294658,1178.437231227214,979.3371157108204,1113.7100707565942,977.6106295850445,683.3035253861485,1129.6828200643736
1976-10-23T00:00:00.0,810.9726248536788,810.6244090140138,809.3987315211455,809.0659165801859,667.7710780164654,665.916541115022,665.371657087082,667.7590589075324,663.5428857187376,663.8788392847337,662.2437143981498,665.4946699607842,813.4420386319997,664.3678175717314,662.140603437092,661.1487797016666,662.1303679928544,659.8830971984122,649.0391106639679,653.5418134399252
1976-10-23T12:00:00.0,474.13518638215857,471.18799863810506,653.1246540012626,636.8054812922579,785.864268356415,628.9939812212184,648.722899224902,648.1109179957663,642.3015418637851,641.1996746986803,792.8986981427249,792.913552889119,639.0382586523971,638.614531751222,762.0230307409652,633.7755248544852,639.9673467635176,640.1976923137346,637.650330458498,1544.2622311932819
1976-10-24T00:00:00.0,767.9756228390288,768.0451472507408,766.6876904481522,766.8430939260859,766.4826376413135,766.9516553364059,766.3290823817212,765.2438918205193,765.1389276272055,771.6725181843333,448.87531740314057,622.2984503988761,621.4517161901535,767.8723879172962,771.8339303465591,619.1555148950998,440.9847325998992,619.0966878351975,620.8751038716559,616.0826610530238
1976-10-24T12:00:00.0,1107.7305098661684,1102.0067856514218,1098.722723848618,1103.6459421485524,1096.628986685503,1095.8644755984956,1096.107648342381,1108.735205075649,1109.0138036186283,1114.1828215613489,1105.7090177668751,1105.2921225741782,1063.8655217477046,1230.797316328989,1063.127516203567,1062.5538753463943,1064.7635255340276,1186.760349532912,1177.205443477064,1179.1833213031348
1976-10-25T00:00:00.0,1296.0560181496667,1189.2806791301407,1086.7527909635667,1178.5471500427088,1178.2816034822133,1177.7719643098264,885.8787632196528,1177.1428122156565,606.6745617957673,417.1802901927675,416.7439195443975,409.1361784187388,403.9545441642192,405.84196376114016,403.6186981186487,407.52068086901085,883.0751027413239,412.60703416426185,400.05588335123764,396.6369305725801
1976-10-25T12:00:00.0,1096.7170103028104,1160.2501971427332,1167.3788415870729,1147.5079613129724,1159.1524513630357,1160.9553251510345,1159.866893055589,1147.4527874212645,1163.1637257789685,1147.0071673356472,1157.2237922785766,1157.0674098051734,862.177008659999,858.006452298686,1333.7074200715485,1155.6006335510822,1161.1106769547753,856.1161203135146,1161.031423149926,1154.9812888748352
1976-10-26T00:00:00.0,1236.3925481918945,1234.732105905504,1452.5415173296456,1255.498199645388,1714.493398763832,1238.626169662337,1248.541273945162,1271.5620415769963,1140.3736584192015,1134.662286842046,1137.5481436214354,1124.0907656541865,1124.8497671203727,1126.3208499435634,1122.9439155099876,1121.2884608316565,1126.0131559452827,1140.0830937401558,1124.4566806470154,1138.7075523489714
1976-10-26T12:00:00.0,491.5300783830183,507.0568249260187,502.40613539169686,512.7496556828962,501.3179314882209,507.3933268187672,511.6755408509039,517.7028613341998,514.9269468404079,514.0583629438213,506.65796604853267,506.4512486003735,314.5129543249195,515.0348054700146,518.0438793940306,515.8051481695164,509.27176024696064,513.2741344501788,500.0505743567287,505.49759925224475
1976-10-27T00:00:00.0,519.0885511583691,639.3512205770826,639.7378600072534,638.6069275525239,480.0322251060521,479.5170642296817,639.5140341863283,635.664707822146,635.3759144481828,637.3243623043256,921.8381777605471,920.5821234707813,921.4021071642508,469.3306423240496,491.6871274950953,489.5323589251073,487.9332737646441,491.0431564760636,498.25846565160975,495.42404923290314
1976-10-27T12:00:00.0,616.9218154682331,780.2073871784213,1444.6275655918555,495.7487734237402,1253.8620890829495,1061.535012116026,1080.176624414879,1062.391402465301,1061.9495217565818,1075.9163193259847,1074.6451558379201,1071.7101859776521,1446.136753566547,1060.179378911191,1058.925848619482,1062.1708200166208,713.7390720542033,1070.6761563329833,1069.8304029864094,970.0424090274003
1976-10-28T00:00:00.0,1424.9477307585196,455.4708829562814,757.7967517572092,1233.7522815229072,757.8090949250034,756.9416771031222,276.4422896662982,271.11104696143644,274.4310942911771,272.5024125989523,750.0363376098517,272.39598428547083,473.2605353398027,276.8557214891923,279.6944346794319,276.80666007767405,263.43911097556355,272.9219152920597,747.3991703145211,289.37847519056334
1976-10-28T12:00:00.0,558.5068808007135,934.0715046059166,934.9924016127778,865.4121217798959,736.595450358572,933.65680963413,254.41683504852912,453.8187063652729,257.1033314179507,255.5719759340003,255.3735180025767,254.46725068909967,455.88135641571796,249.92741087763173,248.66088364199956,242.99552094733127,251.53920750445425,251.11068413591906,240.0329394360523,253.32601857407604
1976-10-29T00:00:00.0,954.5576903385577,947.4314389461338,1023.7960070508228,1008.6927125064275,599.5409940656501,1016.6860757838211,947.1681704648212,946.2580445754344,998.0727927531984,1117.6360028507718,1139.4960405503643,997.1748713635878,707.4249693207219,430.77942490474516,248.27242592144967,247.77631315780275,706.0133890167277,246.17341530938327,1181.049335694118,984.7934516748697
1976-10-29T12:00:00.0,989.7634926662986,1098.0334074401542,1303.0461322862832,1830.1394803506012,926.2698396555983,995.2444502327596,994.6247523600023,976.9627361984033,976.5955136448506,1002.4533061646902,984.8441447219175,991.1047930757306,988.1531304722869,974.831124601742,976.8249478054205,976.0789666447013,976.2763326863372,992.1921758949868,988.4846757621672,986.1051544361084
1976-10-30T00:00:00.0,1080.6433299412824,1068.3166222959928,873.6482901904083,874.8197797093814,1079.4870049943327,1072.1776703222217,872.551233213983,876.3255779376998,871.6227671775259,870.2779815180103,907.0258976949203,965.8916557253838,951.5971913172455,1337.8333610202308,1343.6143273240195,1343.3731155055352,1558.3095987082904,953.5419937676194,955.4536307451106,952.9822639733601
1976-10-30T12:00:00.0,854.0685085169781,845.9104050268659,842.4748085843341,853.9424719396917,840.4657276982397,853.5123568838212,838.5307805075752,841.6342822890161,899.0694441948475,847.8151272679983,837.894271436349,847.8975870259409,934.0608390296497,930.6598724392751,929.4190430366789,931.4764318028984,931.2708992651302,921.5097402000526,805.9658707144217,805.2810503985088
1976-10-31T00:00:00.0,1493.5011508301357,832.0010585326047,1239.0545509889414,1025.0087207556007,1067.6025142062574,1791.6725446461257,830.6230834461542,828.1752759544069,1298.9608359222902,1762.0370308891238,1078.9884716009897,1295.915190017829,921.705188562394,1288.93118332856,926.1440554807643,909.119401032708,908.7733823927812,1272.4180100948538,923.3213980893598,911.7498695902468
1976-10-31T12:00:00.0,847.2694204959671,846.5211716463516,846.2381936401254,1519.1028574334514,1911.76146242852,1506.9701675529877,1738.0285981659783,1737.6448607361297,1926.9561399285303,1477.638431941353,1477.9202249589364,1720.1204567858783,1741.4816402120248,1740.4375590435902,1738.6120668028943,1738.5640458312917,1881.3701789006939,2213.40731135849,1703.1672425381364,1283.0240967207374
1976-11-01T00:00:00.0,821.705269458781,819.038580953516,822.2560327608824,978.4594503497109,978.4637506409671,992.9903428861631,790.2244804452533,1096.5832305777978,1094.5157662156946,785.1394549354444,783.9212011100949,976.4932075907517,981.3848484064392,1260.4476421303884,919.282395387911,1243.184442932976,1002.5035828652872,1264.3973156666286,1264.70949592008,1264.3828174422338
