x1,x2,x3,x4,x5,x6,x7,x8,x9,x10,x11
253.10911273259566,240.56644382977214,238.6172244233327,236.13165903787674,233.8380737516634,229.2599475890191,228.0195727077339,221.17288491029097,218.1755941894857,210.2915639578905,206.19607508029446
264.4270048389804,255.52110447460973,246.26430651555847,242.33312123974662,238.76527806493857,236.70325951475962,216.63199989266056,213.46365886100776,209.45853728527888,208.19935307114795,202.1144671283113
293.7052090502641,290.93552103005555,273.20666956686586,263.787537739233,259.41120389085984,254.84803639056125,249.24893477201044,241.98610895574336,236.8864205265759,233.30202653863117,230.66877322942713
295.3344157105335,289.56140892330166,281.9049414533439,271.43261773040814,256.0228229719479,247.72725271842364,241.82146757843105,235.43830262812983,219.39327623392558,217.08352582529034,214.14263069428685
322.71430693038053,316.1747613845553,307.23845742832657,295.73903698545314,292.9471719331512,285.52050854042324,278.02305237030464,269.0256079376554,261.34093816235634,257.3734025685491,257.3490663954432
322.6541279604186,320.11241125570086,304.83584421842573,304.8243097630546,299.5120004752378,295.7495972372339,289.3246819097959,285.58822942105303,282.17890675929556,278.7488623734519,279.99847379751793
323.1387390054111,313.71288475336735,310.6105692251765,307.4331552931312,301.1182655115184,292.80618344700594,282.54235261013343,276.3989200898821,270.53480470663015,264.06616599240203,260.8731700155747
335.4709652444768,324.68600292932706,304.15101935808076,310.6794438344602,294.54415169997867,290.1159692897278,283.7872601590387,280.16729669819983,279.1456587149481,274.74034767948183,262.39186267381825
347.15687060278606,332.50752977507443,336.49777683675313,326.9558182025515,324.51167306501515,307.7252524271946,308.0921447568289,300.55394213243625,291.2339043404513,290.00919063792475,282.949341596136
341.37303000987845,333.9618485781581,328.63316687705844,324.1116488101268,314.3036500442577,310.34690147979825,307.8862610423882,308.4958516429873,300.08876019414544,293.3039506865864,290.72587655471267
317.55558920238025,314.1943881690309,312.51355863564334,306.65162438537516,299.69946100589806,296.89438915142466,293.9086707865906,288.2489668152542,278.83154802341153,275.5180441676522,271.46165917896883
296.07018932398773,292.48341930843816,282.69962934294557,279.99823051873744,278.3813057721267,271.5325688459896,270.4940763505028,261.43736505618654,257.29006182748725,255.42936331449704,253.41864974372768
281.4910336118587,274.9641207631137,270.1764639915613,266.3645920480059,263.66011685020976,253.33252916147043,252.95391083402308,246.9707280420406,244.1464130952945,243.39505340601104,241.4715262139283
295.78722761056986,285.46280758868426,281.1298277150093,272.90149829952384,261.76652438611796,259.42259550465144,247.37721953270648,245.3461680091197,238.54621992306,232.31123226751004,228.8687784507132
299.6472151783178,288.3803637647493,283.6584365283444,284.5071214025232,278.2753173205778,270.8073872022788,261.21113651371905,268.85944868060346,258.0323985281498,256.8367182392178,247.3331233853943
284.35232108862056,281.18000929378735,272.77066436472376,270.4725507831849,264.5494332539909,259.2433083509505,254.02657938313922,243.0686401451559,242.29914542233075,238.2090692770332,233.54069893180446
255.93560187908923,253.40999539665543,249.613799478906,247.02350272289496,247.06520298518555,242.66544886301986,238.89860832355177,235.83546358419937,232.4356641968815,228.6194338463952,223.25539881727408
228.41876250736914,225.34109245054827,223.5732576166163,220.3693312216731,216.96521233941678,214.04213113553243,212.28804293526682,209.63170915451502,208.3841476521629,207.81217545088472,204.87456988969865
208.65568438073484,206.74895522529883,198.99768416754688,196.49831156256812,192.4143845945468,190.80391471453518,188.16793869196198,185.84720249860337,183.55556120590055,181.07833648912734,177.50164038031727
255.52386203873584,252.62999051561798,235.83740642826365,227.39446803987158,216.37539294694028,213.67221592452026,209.41602250469856,203.42671443279477,198.71424862373902,192.98424674731802,186.632064494547
265.968578249953,258.30861071166373,253.5822797574376,246.7356807358302,236.26525411789078,234.78406577401182,229.79319065982378,227.00433526671966,223.46560131276226,219.16190536840645,208.22092070976248
246.01847299553873,241.95263089270392,234.95049178536908,229.4288638443066,227.49851394848054,224.45007148545332,221.59569751539553,218.49785757385663,216.96638976502717,211.81639737392925,210.38586088143407
234.6962795830608,234.70076492815198,222.70321565454321,214.78330079569614,213.1106156001808,209.25292661731146,208.40306693553043,204.07075271403247,199.87136040782744,196.79429416488608,194.21571011164045
252.59042477411109,250.52000076898494,249.98094388410007,246.47490929488617,242.54388740035793,228.46257029904788,225.32907071368032,217.18955794654553,216.72873275538925,210.07395031500724,209.8615703445912
269.34852673232047,261.0727257897454,259.23753654331057,257.6214343423901,248.91435373840065,240.6465473453287,232.60694601801603,229.07303105743154,226.51103988971778,221.20356615020333,222.45172488981984
255.97380225317482,248.5510474964024,247.03797960362047,243.67994740067627,240.3904684818547,236.35967721740104,231.4396088697467,222.9322869643038,217.55376077624192,215.01314788687736,206.17467944984188
245.86351481440897,242.2148715005928,233.5217426309471,226.70712618122508,222.72212653823345,218.50624791538576,212.82206169785445,213.12346047237133,209.76699204482222,205.02820004631454,198.7968437280856
241.24853647432698,234.41777595855493,223.98463019008906,220.04276698215918,215.82343949283276,211.28216110768932,209.1961657551844,203.85754019448305,196.64395534400143,194.8741488424323,193.67006177324197
247.78088595872705,247.591877623567,236.02011006012637,234.15513927211586,227.10976631640432,225.1859301305937,218.74563847881456,213.69352517012524,209.51227051606503,205.96789075488718,199.50549543268878
254.52541292535722,252.3118422874004,245.96123316448677,248.84993209803926,246.04144795997942,236.05532806175083,231.6066301718147,224.4816627519548,221.33467337314144,219.70044175689887,219.4364014004859
269.7427072200514,267.92009975812596,260.5803180466911,255.1376056550293,246.95989029538742,245.38675499101535,243.00958810303013,238.5333568166766,228.45139407667457,225.75659799570894,224.71656627108425
