x1,x2
-77.098694,26.156048
-76.522935,26.613971
-75.942621,27.068562
-75.35765,27.520688
-74.76792,27.970282
-74.173326,28.416363
-73.573766,28.859781
-72.969136,29.300466
-72.359332,29.737445
-71.74425,30.171554
-71.123786,30.602717
-70.497835,31.029969
-69.866296,31.454131
-69.229063,31.87424
-68.586036,32.291107
-67.93711,32.704651
-67.282186,33.113916
-66.621162,33.519698
-65.95394,33.921908
-65.280421,34.323891
-64.600509,34.728071
-63.914108,35.134271
-63.221127,35.456885
-62.521473,35.874575
-61.815059,36.287808
-61.101798,36.598954
-60.381608,37.035811
-59.654409,37.338816
-58.920124,37.766071
-58.178681,38.122658
-57.43001,38.474515
-56.674048,38.821536
-55.910735,39.163616
-55.140017,39.500644
-54.361844,39.832511
-53.576172,40.1599
-52.782965,40.481897
-51.982192,40.79839
-51.173829,41.109264
-50.357859,41.414405
-49.534273,41.713697
-48.70307,42.007025
-47.864258,42.294272
-47.017853,42.575322
-46.16388,42.850058
-45.302375,43.118363
-44.433382,43.38012
-43.556956,43.635214
-42.673163,43.883527
-41.78208,44.124945
-40.883795,44.359353
-39.978407,44.586638
-39.066026,44.806687
-38.146776,45.01939
-37.220792,45.224637
-36.288221,45.422321
-35.349221,45.612338
-34.403965,45.794583
-33.452637,45.968957
-32.495433,46.135361
-31.532562,46.293703
-30.564243,46.443889
-29.590709,46.585832
-28.612205,46.72016
-27.628985,46.846077
-26.641315,46.963507
-25.649471,47.072378
-24.653741,47.172624
-23.65442,47.264182
-22.651811,47.346994
-21.646229,47.421009
-20.637994,47.486179
-19.627432,47.542462
-18.614876,47.589822
-17.600665,47.628228
-16.58514,47.657655
-15.568649,47.678084
-14.551539,47.689502
-13.53416,47.691901
-12.516864,47.68528
