x1,x2
-77.098694,26.15325
-76.522935,26.609327
-75.942621,27.063012
-75.35765,27.513318
-74.76792,27.961107
-74.173326,28.406311
-73.573766,28.847952
-72.969136,29.286876
-72.359332,29.723011
-71.74425,30.155385
-71.123786,30.584831
-70.497835,31.010382
-69.866296,31.432859
-69.229063,31.852182
-68.586036,32.267393
-67.93711,32.679297
-67.282186,33.08781
-66.621162,33.49198
-65.95394,33.892596
-65.280421,34.28957
-64.600509,34.682811
-63.914108,35.075629
-63.221127,35.469572
-62.521473,35.866157
-61.815059,36.264353
-61.101798,36.663977
-60.381608,36.971103
-59.654409,37.40321
-58.920124,37.701991
-58.178681,38.124293
-57.43001,38.414309
-56.674048,38.826394
-55.910735,39.16845
-55.140017,39.505455
-54.361844,39.837299
-53.576172,40.163871
-52.782965,40.485059
-51.982192,40.80075
-51.173829,41.111613
-50.357859,41.416742
-49.534273,41.716024
-48.70307,42.009341
-47.864258,42.296578
-47.017853,42.577618
-46.16388,42.852343
-45.302375,43.120638
-44.433382,43.382386
-43.556956,43.63747
-42.673163,43.885773
-41.78208,44.127182
-40.883795,44.361581
-39.978407,44.588857
-39.066026,44.808898
-38.146776,45.021593
-37.220792,45.226832
-36.288221,45.424509
-35.349221,45.614518
-34.403965,45.796756
-33.452637,45.971123
-32.495433,46.137521
-31.532562,46.295856
-30.564243,46.446036
-29.590709,46.587974
-28.612205,46.721584
-27.628985,46.846787
-26.641315,46.963507
-25.649471,47.072378
-24.653741,47.172624
-23.65442,47.264182
-22.651811,47.346994
-21.646229,47.421009
-20.637994,47.486179
-19.627432,47.542462
-18.614876,47.589822
-17.600665,47.628228
-16.58514,47.657655
-15.568649,47.678084
-14.551539,47.689502
-13.53416,47.691901
-12.516864,47.68528
