x1,x2
-77.098694,26.171899
-76.522935,26.627902
-75.942621,27.081513
-75.35765,27.532666
-74.76792,27.980376
-74.173326,28.4255
-73.573766,28.86797
-72.969136,29.306809
-72.359332,29.742858
-71.74425,30.175146
-71.123786,30.604506
-70.497835,31.03086
-69.866296,31.453244
-69.229063,31.872475
-68.586036,32.291107
-67.93711,32.711645
-67.282186,33.133931
-66.621162,33.473791
-65.95394,33.911563
-65.280421,34.345342
-64.600509,34.675126
-63.914108,35.134271
-63.221127,35.456885
-62.521473,35.907403
-61.815059,36.222469
-61.101798,36.663977
-60.381608,37.034152
-59.654409,37.399908
-58.920124,37.761142
-58.178681,38.117752
-57.43001,38.469633
-56.674048,38.816679
-55.910735,39.159587
-55.140017,39.497437
-54.361844,39.830117
-53.576172,40.157518
-52.782965,40.479526
-51.982192,40.79603
-51.173829,41.106915
-50.357859,41.412067
-49.534273,41.71137
-48.70307,42.004709
-47.864258,42.291966
-47.017853,42.573027
-46.16388,42.847773
-45.302375,43.116088
-44.433382,43.377855
-43.556956,43.632958
-42.673163,43.88128
-41.78208,44.122707
-40.883795,44.357124
-39.978407,44.584418
-39.066026,44.804475
-38.146776,45.017186
-37.220792,45.222442
-36.288221,45.420134
-35.349221,45.610157
-34.403965,45.79241
-33.452637,45.966791
-32.495433,46.133202
-31.532562,46.292267
-30.564243,46.443173
-29.590709,46.585832
-28.612205,46.72016
-27.628985,46.846077
-26.641315,46.963507
-25.649471,47.072378
-24.653741,47.172624
-23.65442,47.264182
-22.651811,47.346994
-21.646229,47.421009
-20.637994,47.486179
-19.627432,47.542462
-18.614876,47.589822
-17.600665,47.628228
-16.58514,47.657655
-15.568649,47.678084
-14.551539,47.689502
-13.53416,47.691901
-12.516864,47.68528
