x1,x2
-77.098694,26.15325
-76.522935,26.608398
-75.942621,27.061162
-75.35765,27.510554
-74.76792,27.957437
-74.173326,28.401743
-73.573766,28.842492
-72.969136,29.280533
-72.359332,29.715793
-71.74425,30.147301
-71.123786,30.575888
-70.497835,31.001479
-69.866296,31.423109
-69.229063,31.841594
-68.586036,32.256853
-67.93711,32.667931
-67.282186,33.075626
-66.621162,33.479854
-65.95394,33.879665
-65.280421,34.281848
-64.600509,34.685373
-63.914108,35.090927
-63.221127,35.49833
-62.521473,35.907403
-61.815059,36.222469
-61.101798,36.663977
-60.381608,36.971103
-59.654409,37.40321
-58.920124,37.701991
-58.178681,38.124293
-57.43001,38.476142
-56.674048,38.823156
-55.910735,39.165227
-55.140017,39.502248
-54.361844,39.834107
-53.576172,40.160694
-52.782965,40.482688
-51.982192,40.799176
-51.173829,41.110047
-50.357859,41.415184
-49.534273,41.714473
-48.70307,42.007797
-47.864258,42.295041
-47.017853,42.576087
-46.16388,42.85082
-45.302375,43.119122
-44.433382,43.380876
-43.556956,43.635966
-42.673163,43.884276
-41.78208,44.125691
-40.883795,44.360096
-39.978407,44.587378
-39.066026,44.807424
-38.146776,45.020124
-37.220792,45.225369
-36.288221,45.42305
-35.349221,45.613064
-34.403965,45.795307
-33.452637,45.969679
-32.495433,46.136081
-31.532562,46.29442
-30.564243,46.444605
-29.590709,46.586546
-28.612205,46.72016
-27.628985,46.846077
-26.641315,46.963507
-25.649471,47.072378
-24.653741,47.172624
-23.65442,47.264182
-22.651811,47.346994
-21.646229,47.421009
-20.637994,47.486179
-19.627432,47.542462
-18.614876,47.589822
-17.600665,47.628228
-16.58514,47.657655
-15.568649,47.678084
-14.551539,47.689502
-13.53416,47.691901
-12.516864,47.68528
