x1,x2
-77.098694,26.135534
-76.522935,26.574963
-75.942621,27.073187
-75.35765,27.498577
-74.76792,27.923487
-74.173326,28.383468
-73.573766,28.880709
-72.969136,29.319493
-72.359332,29.755488
-71.74425,30.118558
-71.123786,30.618814
-12.448864000000038,47.731630999999844
-12.449864000000037,47.730630999999846
-12.450864000000037,47.72963099999985
-12.451864000000036,47.72863099999985
-12.452864000000035,47.72763099999985
-12.453864000000035,47.726630999999855
-12.454864000000034,47.72563099999986
-12.455864000000034,47.72463099999986
-12.456864000000033,47.72363099999986
-12.457864000000033,47.722630999999865
-12.458864000000032,47.72163099999987
-12.459864000000032,47.72063099999987
-12.460864000000031,47.71963099999987
-12.46186400000003,47.718630999999874
-12.46286400000003,47.71763099999988
-12.46386400000003,47.71663099999988
-12.464864000000029,47.71563099999988
-12.465864000000028,47.71463099999988
-12.466864000000028,47.713630999999886
-12.467864000000027,47.71263099999989
-12.468864000000027,47.71163099999989
-12.469864000000026,47.71063099999989
-12.470864000000025,47.709630999999895
-12.471864000000025,47.7086309999999
-12.472864000000024,47.7076309999999
-12.473864000000024,47.7066309999999
-12.474864000000023,47.705630999999904
-12.475864000000023,47.70463099999991
-12.476864000000022,47.70363099999991
-12.477864000000022,47.70263099999991
-12.478864000000021,47.701630999999914
-12.47986400000002,47.700630999999916
-12.48086400000002,47.69963099999992
-12.48186400000002,47.69863099999992
-12.482864000000019,47.69763099999992
-12.483864000000018,47.696630999999925
-12.484864000000018,47.69563099999993
-12.485864000000017,47.69463099999993
-12.486864000000017,47.69363099999993
-12.487864000000016,47.692630999999935
-12.488864000000016,47.69163099999994
-12.489864000000015,47.69063099999994
-12.490864000000014,47.68963099999994
-12.491864000000014,47.688630999999944
-12.492864000000013,47.687630999999946
-12.493864000000013,47.68663099999995
-12.494864000000012,47.68563099999995
-12.495864000000012,47.68463099999995
-12.496864000000011,47.683630999999956
-12.49786400000001,47.68263099999996
-12.49886400000001,47.68163099999996
-12.49986400000001,47.68063099999996
-12.500864000000009,47.679630999999965
-12.501864000000008,47.67863099999997
-12.502864000000008,47.67763099999997
-12.503864000000007,47.67663099999997
-12.504864000000007,47.675630999999974
-12.505864000000006,47.67463099999998
-12.506864000000006,47.67363099999998
-12.507864000000005,47.67263099999998
-12.508864000000004,47.671630999999984
-12.509864000000004,47.670630999999986
-12.510864000000003,47.66963099999999
-12.511864000000003,47.66863099999999
-12.512864000000002,47.66763099999999
-12.513864000000002,47.666630999999995
-12.514864000000001,47.665631
-12.515864,47.664631
-12.516864,47.68528
