x1,x2
-77.098694,26.162575
-76.522935,26.615828
-75.942621,27.066712
-75.35765,27.51516
-74.76792,27.960189
-74.173326,28.406311
-73.573766,28.854321
-72.969136,29.304091
-72.359332,29.755488
-71.74425,30.118558
-71.123786,30.583937
-70.497835,31.045995
-69.866296,31.40095
-69.229063,31.891004
-68.586036,32.240165
-67.93711,32.72301
-67.282186,33.066054
-66.621162,33.541352
-65.95394,33.94346
-65.280421,34.34191
-64.600509,34.736611
-63.914108,35.127472
-63.221127,35.5144
-62.521473,35.898144
-61.815059,36.277756
-61.101798,36.65314
-60.381608,37.024197
-59.654409,37.390827
-58.920124,37.752927
-58.178681,38.110394
-57.43001,38.463124
-56.674048,38.811011
-55.910735,39.153947
-55.140017,39.491824
-54.361844,39.824531
-53.576172,40.151959
-52.782965,40.473994
-51.982192,40.790524
-51.173829,41.101435
-50.357859,41.406612
-49.534273,41.705941
-48.70307,41.999304
-47.864258,42.286586
-47.017853,42.567671
-46.16388,42.842441
-45.302375,43.110779
-44.433382,43.372569
-43.556956,43.627694
-42.673163,43.876038
-41.78208,44.117487
-40.883795,44.351925
-39.978407,44.579238
-39.066026,44.799316
-38.146776,45.012046
-37.220792,45.218051
-36.288221,45.416488
-35.349221,45.607251
-34.403965,45.790237
-33.452637,45.965346
-32.495433,46.132482
-31.532562,46.291549
-30.564243,46.442457
-29.590709,46.585118
-28.612205,46.719448
-27.628985,46.845366
-26.641315,46.962798
-25.649471,47.071671
-24.653741,47.171918
-23.65442,47.263477
-22.651811,47.346291
-21.646229,47.420306
-20.637994,47.485477
-19.627432,47.54176
-18.614876,47.589121
-17.600665,47.627527
-16.58514,47.656955
-15.568649,47.677385
-14.551539,47.688803
-13.53416,47.691202
-12.516864,47.68528
