x1,x2
-77.542194,25.808962
-11.370105000000198,48.01360999999919
-11.371105000000197,48.01260999999919
-11.372105000000197,48.011609999999195
-11.373105000000196,48.0106099999992
-11.374105000000196,48.0096099999992
-11.375105000000195,48.0086099999992
-11.376105000000194,48.007609999999204
-11.377105000000194,48.006609999999206
-11.378105000000193,48.00560999999921
-11.379105000000193,48.00460999999921
-11.380105000000192,48.00360999999921
-11.381105000000192,48.002609999999216
-11.382105000000191,48.00160999999922
-11.38310500000019,48.00060999999922
-11.38410500000019,47.99960999999922
-11.38510500000019,47.998609999999225
-11.386105000000189,47.99760999999923
-11.387105000000188,47.99660999999923
-11.388105000000188,47.99560999999923
-11.389105000000187,47.994609999999234
-11.390105000000187,47.99360999999924
-11.391105000000186,47.99260999999924
-11.392105000000186,47.99160999999924
-11.393105000000185,47.99060999999924
-11.394105000000184,47.989609999999246
-11.395105000000184,47.98860999999925
-11.396105000000183,47.98760999999925
-11.397105000000183,47.98660999999925
-11.398105000000182,47.985609999999255
-11.399105000000182,47.98460999999926
-11.400105000000181,47.98360999999926
-11.40110500000018,47.98260999999926
-11.40210500000018,47.981609999999264
-11.40310500000018,47.98060999999927
-11.404105000000179,47.97960999999927
-11.405105000000178,47.97860999999927
-11.406105000000178,47.977609999999274
-11.407105000000177,47.976609999999276
-11.408105000000177,47.97560999999928
-11.409105000000176,47.97460999999928
-11.410105000000176,47.97360999999928
-11.411105000000175,47.972609999999285
-11.412105000000174,47.97160999999929
-11.413105000000174,47.97060999999929
-11.414105000000173,47.96960999999929
-11.415105000000173,47.968609999999295
-11.416105000000172,47.9676099999993
-11.417105000000172,47.9666099999993
-11.418105000000171,47.9656099999993
-11.41910500000017,47.964609999999304
-11.42010500000017,47.963609999999306
-11.42110500000017,47.96260999999931
-11.422105000000169,47.96160999999931
-11.423105000000168,47.96060999999931
-11.424105000000168,47.959609999999316
-11.425105000000167,47.95860999999932
-11.426105000000167,47.95760999999932
-11.427105000000166,47.95660999999932
-11.428105000000166,47.955609999999325
-11.429105000000165,47.95460999999933
-11.430105000000164,47.95360999999933
-11.431105000000164,47.95260999999933
-11.432105000000163,47.951609999999334
-11.433105000000163,47.95060999999934
-11.434105000000162,47.94960999999934
-11.435105000000162,47.94860999999934
-11.436105000000161,47.947609999999344
-11.43710500000016,47.946609999999346
-11.43810500000016,47.94560999999935
-11.43910500000016,47.94460999999935
-11.440105000000159,47.94360999999935
-11.441105000000158,47.942609999999355
-11.442105000000158,47.94160999999936
-11.443105000000157,47.94060999999936
-11.444105000000157,47.93960999999936
-11.445105000000156,47.938609999999365
-11.446105000000156,47.93760999999937
-11.447105000000155,47.93660999999937
-11.448105000000155,47.93560999999937
-11.449105000000154,47.934609999999374
-11.450105000000153,47.933609999999376
-11.451105000000153,47.93260999999938
-11.452105000000152,47.93160999999938
-11.453105000000152,47.93060999999938
-11.454105000000151,47.929609999999386
-11.45510500000015,47.92860999999939
-11.45610500000015,47.92760999999939
-11.45710500000015,47.92660999999939
-11.458105000000149,47.925609999999395
-11.459105000000148,47.9246099999994
-11.460105000000148,47.9236099999994
-11.461105000000147,47.9226099999994
-11.462105000000147,47.921609999999404
-11.463105000000146,47.92060999999941
-11.464105000000146,47.91960999999941
-11.465105000000145,47.91860999999941
-11.466105000000145,47.917609999999414
-11.467105000000144,47.916609999999416
-11.468105000000143,47.91560999999942
-11.469105000000143,47.91460999999942
-11.470105000000142,47.91360999999942
-11.471105000000142,47.912609999999425
-11.472105000000141,47.91160999999943
-11.47310500000014,47.91060999999943
-11.47410500000014,47.90960999999943
-11.47510500000014,47.908609999999435
-11.476105000000139,47.90760999999944
-11.477105000000138,47.90660999999944
-11.478105000000138,47.90560999999944
-11.479105000000137,47.904609999999444
-11.480105000000137,47.903609999999446
-11.481105000000136,47.90260999999945
-11.482105000000136,47.90160999999945
-11.483105000000135,47.90060999999945
-11.484105000000135,47.899609999999456
-11.485105000000134,47.89860999999946
-11.486105000000133,47.89760999999946
-11.487105000000133,47.89660999999946
-11.488105000000132,47.895609999999465
-11.489105000000132,47.89460999999947
-11.490105000000131,47.89360999999947
-11.49110500000013,47.89260999999947
-11.49210500000013,47.891609999999474
-11.49310500000013,47.89060999999948
-11.494105000000129,47.88960999999948
-11.495105000000128,47.88860999999948
-11.496105000000128,47.88760999999948
-11.497105000000127,47.886609999999486
-11.498105000000127,47.88560999999949
-11.499105000000126,47.88460999999949
-11.500105000000126,47.88360999999949
-11.501105000000125,47.882609999999495
-11.502105000000125,47.8816099999995
-11.503105000000124,47.8806099999995
-11.504105000000123,47.8796099999995
-11.505105000000123,47.878609999999505
-11.506105000000122,47.87760999999951
-11.507105000000122,47.87660999999951
-11.508105000000121,47.87560999999951
-11.50910500000012,47.874609999999514
-11.51010500000012,47.873609999999516
-11.51110500000012,47.87260999999952
-11.512105000000119,47.87160999999952
-11.513105000000118,47.87060999999952
-11.514105000000118,47.869609999999525
-11.515105000000117,47.86860999999953
-11.516105000000117,47.86760999999953
-11.517105000000116,47.86660999999953
-11.518105000000116,47.865609999999535
-11.519105000000115,47.86460999999954
-11.520105000000115,47.86360999999954
-11.521105000000114,47.86260999999954
-11.522105000000114,47.861609999999544
-11.523105000000113,47.86060999999955
-11.524105000000112,47.85960999999955
-11.525105000000112,47.85860999999955
-11.526105000000111,47.85760999999955
-11.52710500000011,47.856609999999556
-11.52810500000011,47.85560999999956
-11.52910500000011,47.85460999999956
-11.530105000000109,47.85360999999956
-11.531105000000109,47.852609999999565
-11.532105000000108,47.85160999999957
-11.533105000000107,47.85060999999957
-11.534105000000107,47.84960999999957
-11.535105000000106,47.848609999999574
-11.536105000000106,47.84760999999958
-11.537105000000105,47.84660999999958
-11.538105000000105,47.84560999999958
-11.539105000000104,47.844609999999584
-11.540105000000104,47.843609999999586
-11.541105000000103,47.84260999999959
-11.542105000000102,47.84160999999959
-11.543105000000102,47.84060999999959
-11.544105000000101,47.839609999999595
-11.5451050000001,47.8386099999996
-11.5461050000001,47.8376099999996
-11.5471050000001,47.8366099999996
-11.548105000000099,47.835609999999605
-11.549105000000099,47.83460999999961
-11.550105000000098,47.83360999999961
-11.551105000000097,47.83260999999961
-11.552105000000097,47.831609999999614
-11.553105000000096,47.830609999999616
-11.554105000000096,47.82960999999962
-11.555105000000095,47.82860999999962
-11.556105000000095,47.82760999999962
-11.557105000000094,47.826609999999626
-11.558105000000094,47.82560999999963
-11.559105000000093,47.82460999999963
-11.560105000000092,47.82360999999963
-11.561105000000092,47.822609999999635
-11.562105000000091,47.82160999999964
-11.56310500000009,47.82060999999964
-11.56410500000009,47.81960999999964
-11.56510500000009,47.818609999999644
-11.56610500000009,47.81760999999965
-11.567105000000089,47.81660999999965
-11.568105000000088,47.81560999999965
-11.569105000000087,47.814609999999654
-11.570105000000087,47.813609999999656
-11.571105000000086,47.81260999999966
-11.572105000000086,47.81160999999966
-11.573105000000085,47.81060999999966
-11.574105000000085,47.809609999999665
-11.575105000000084,47.80860999999967
-11.576105000000084,47.80760999999967
-11.577105000000083,47.80660999999967
-11.578105000000082,47.805609999999675
-11.579105000000082,47.80460999999968
-11.580105000000081,47.80360999999968
-11.58110500000008,47.80260999999968
-11.58210500000008,47.801609999999684
-11.58310500000008,47.800609999999686
-11.58410500000008,47.79960999999969
-11.585105000000079,47.79860999999969
-11.586105000000078,47.79760999999969
-11.587105000000077,47.796609999999696
-11.588105000000077,47.7956099999997
-11.589105000000076,47.7946099999997
-11.590105000000076,47.7936099999997
-11.591105000000075,47.792609999999705
-11.592105000000075,47.79160999999971
-11.593105000000074,47.79060999999971
-11.594105000000074,47.78960999999971
-11.595105000000073,47.788609999999714
-11.596105000000072,47.78760999999972
-11.597105000000072,47.78660999999972
-11.598105000000071,47.78560999999972
-11.59910500000007,47.784609999999724
-11.60010500000007,47.783609999999726
-11.60110500000007,47.78260999999973
-11.60210500000007,47.78160999999973
-11.603105000000069,47.78060999999973
-11.604105000000068,47.779609999999735
-11.605105000000068,47.77860999999974
-11.606105000000067,47.77760999999974
-11.607105000000066,47.77660999999974
-11.608105000000066,47.775609999999745
-11.609105000000065,47.77460999999975
-11.610105000000065,47.77360999999975
-11.611105000000064,47.77260999999975
-11.612105000000064,47.771609999999754
-11.613105000000063,47.770609999999756
-11.614105000000063,47.76960999999976
-11.615105000000062,47.76860999999976
-11.616105000000061,47.76760999999976
-11.61710500000006,47.766609999999766
-11.61810500000006,47.76560999999977
-11.61910500000006,47.76460999999977
-11.62010500000006,47.76360999999977
-11.621105000000059,47.762609999999775
-11.622105000000058,47.76160999999978
-11.623105000000058,47.76060999999978
-11.624105000000057,47.75960999999978
-11.625105000000056,47.758609999999784
-11.626105000000056,47.75760999999979
-11.627105000000055,47.75660999999979
-11.628105000000055,47.75560999999979
-11.629105000000054,47.75460999999979
-11.630105000000054,47.753609999999796
-11.631105000000053,47.7526099999998
-11.632105000000053,47.7516099999998
-11.633105000000052,47.7506099999998
-11.634105000000051,47.749609999999805
-11.63510500000005,47.74860999999981
-11.63610500000005,47.74760999999981
-11.63710500000005,47.74660999999981
-11.63810500000005,47.745609999999814
-11.639105000000049,47.74460999999982
-11.640105000000048,47.74360999999982
-11.641105000000048,47.74260999999982
-11.642105000000047,47.741609999999824
-11.643105000000046,47.740609999999826
-11.644105000000046,47.73960999999983
-11.645105000000045,47.73860999999983
-11.646105000000045,47.73760999999983
-11.647105000000044,47.736609999999835
-11.648105000000044,47.73560999999984
-11.649105000000043,47.73460999999984
-11.650105000000043,47.73360999999984
-11.651105000000042,47.732609999999845
-11.652105000000041,47.73160999999985
-11.653105000000041,47.73060999999985
-11.65410500000004,47.72960999999985
-11.65510500000004,47.728609999999854
-11.65610500000004,47.727609999999856
-11.657105000000039,47.72660999999986
-11.658105000000038,47.72560999999986
-11.659105000000038,47.72460999999986
-11.660105000000037,47.723609999999866
-11.661105000000036,47.72260999999987
-11.662105000000036,47.72160999999987
-11.663105000000035,47.72060999999987
-11.664105000000035,47.719609999999875
-11.665105000000034,47.71860999999988
-11.666105000000034,47.71760999999988
-11.667105000000033,47.71660999999988
-11.668105000000033,47.715609999999884
-11.669105000000032,47.71460999999989
-11.670105000000031,47.71360999999989
-11.671105000000031,47.71260999999989
-11.67210500000003,47.711609999999894
-11.67310500000003,47.710609999999896
-11.67410500000003,47.7096099999999
-11.675105000000029,47.7086099999999
-11.676105000000028,47.7076099999999
-11.677105000000028,47.706609999999905
-11.678105000000027,47.70560999999991
-11.679105000000026,47.70460999999991
-11.680105000000026,47.70360999999991
-11.681105000000025,47.702609999999915
-11.682105000000025,47.70160999999992
-11.683105000000024,47.70060999999992
-11.684105000000024,47.69960999999992
-11.685105000000023,47.698609999999924
-11.686105000000023,47.697609999999926
-11.687105000000022,47.69660999999993
-11.688105000000022,47.69560999999993
-11.689105000000021,47.69460999999993
-11.69010500000002,47.693609999999936
-11.69110500000002,47.69260999999994
-11.69210500000002,47.69160999999994
-11.693105000000019,47.69060999999994
-11.694105000000018,47.689609999999945
-11.695105000000018,47.68860999999995
-11.696105000000017,47.68760999999995
-11.697105000000017,47.68660999999995
-11.698105000000016,47.685609999999954
-11.699105000000015,47.68460999999996
-11.700105000000015,47.68360999999996
-11.701105000000014,47.68260999999996
-11.702105000000014,47.681609999999964
-11.703105000000013,47.680609999999966
-11.704105000000013,47.67960999999997
-11.705105000000012,47.67860999999997
-11.706105000000012,47.67760999999997
-11.707105000000011,47.676609999999975
-11.70810500000001,47.67560999999998
-11.70910500000001,47.67460999999998
-11.71010500000001,47.67360999999998
-11.711105000000009,47.672609999999985
-11.712105000000008,47.67160999999999
-11.713105000000008,47.67060999999999
-11.714105000000007,47.66960999999999
-11.715105000000007,47.668609999999994
-11.716105000000006,47.667609999999996
-11.717105000000005,47.66661
-11.718105000000005,47.66561
-11.719105000000004,47.66461
-11.720105000000004,47.664403
-11.721105000000003,47.663741
-11.722105000000003,47.662625
-11.723105000000002,47.661054
-11.724105000000002,47.659029
-11.725105000000001,47.65655
-11.726105,47.653617
-11.727105,47.65023
-11.728105,47.650585
