x1,x2
-77.098694,26.168169
-76.522935,26.623258
-75.942621,27.075963
-75.35765,27.526216
-74.76792,27.973035
-74.173326,28.417276
-73.573766,28.857961
-72.969136,29.295936
-72.359332,29.73113
-71.74425,30.162571
-71.123786,30.591091
-70.497835,31.016614
-69.866296,31.438177
-69.229063,31.856594
-68.586036,32.271785
-67.93711,32.682794
-67.282186,33.095642
-66.621162,33.51017
-65.95394,33.92708
-65.280421,34.345342
-64.600509,34.675126
-63.914108,35.097726
-63.221127,35.522858
-62.521473,35.841747
-61.815059,36.287808
-61.101798,36.598954
-60.381608,37.035811
-59.654409,37.401559
-58.920124,37.762785
-58.178681,38.119387
-57.43001,38.47126
-56.674048,38.818298
-55.910735,39.160393
-55.140017,39.498238
-54.361844,39.830915
-53.576172,40.158312
-52.782965,40.480317
-51.982192,40.796817
-51.173829,41.107698
-50.357859,41.412846
-49.534273,41.712146
-48.70307,42.005481
-47.864258,42.292735
-47.017853,42.573792
-46.16388,42.848535
-45.302375,43.116846
-44.433382,43.37861
-43.556956,43.63371
-42.673163,43.882029
-41.78208,44.123453
-40.883795,44.357867
-39.978407,44.585158
-39.066026,44.805213
-38.146776,45.017921
-37.220792,45.223173
-36.288221,45.420863
-35.349221,45.610884
-34.403965,45.793134
-33.452637,45.967513
-32.495433,46.133922
-31.532562,46.292267
-30.564243,46.443173
-29.590709,46.585832
-28.612205,46.72016
-27.628985,46.846077
-26.641315,46.963507
-25.649471,47.072378
-24.653741,47.172624
-23.65442,47.264182
-22.651811,47.346994
-21.646229,47.421009
-20.637994,47.486179
-19.627432,47.542462
-18.614876,47.589822
-17.600665,47.628228
-16.58514,47.657655
-15.568649,47.678084
-14.551539,47.689502
-13.53416,47.691901
-12.516864,47.68528
