x1,x2
-12.405093,47.69265899999999
-13.31056,47.692565
-14.216152,47.692635
-15.121623,47.683582
-16.026726,47.669363
-16.931214,47.648008
-17.834842,47.621508
-18.737367,47.58592
-19.638548,47.541258
-20.538146,47.491508
-21.435927,47.434714
-22.331659,47.370904
-23.225115,47.300111
-24.116072,47.222371
-25.004313,47.139719
-25.889625,47.046207
-26.771802,46.949874
-27.650643,46.844767
-28.525953,46.732937
-29.397545,46.612421
-30.265238,46.487304
-31.128858,46.357659
-31.988237,46.217467
-32.843217,46.07287
-33.693646,45.92395
-34.539378,45.766694
-35.380278,45.601155
-36.216216,45.431506
-37.047071,45.257838
-37.87273,45.076096
-38.693087,44.886337
-39.508043,44.694878
-40.317508,44.495556
-41.121399,44.288427
-41.919641,44.079876
-42.712165,43.861561
-43.49891,43.642015
-44.279821,43.412835
-45.054853,43.18262
-45.823963,42.945051
-46.587118,42.700187
-47.344291,42.452417
-48.095458,42.199673
-48.840606,41.942038
-49.579723,41.681787
-50.312805,41.412422
-51.039852,41.142817
-51.760871,40.864225
-52.475873,40.585591
-53.184871,40.300334
-53.887886,40.008505
-54.584942,39.71693
-55.276067,39.418942
-55.961291,39.114589
-56.640651,38.810783
-57.314185,38.500765
-57.981934,38.186891
-58.643943,37.866917
-59.30026,37.54787
-59.950934,37.222871
-60.596019,36.89431
-61.235569,36.562258
-61.86964,36.224417
-62.498293,35.885584
-63.121587,35.545858
-63.739584,35.200539
-64.352349,34.849662
-64.959946,34.500524
-65.562443,34.143528
-66.159905,33.786
-66.752403,33.428032
-67.340005,33.062334
-67.922781,32.69632
-68.500803,32.327598
-69.074141,31.956228
-69.642868,31.582267
-70.207056,31.205773
-70.766778,30.829324
-71.322107,30.447941
-71.873115,30.06419
-72.419876,29.678126
-72.962464,29.287238
-73.500951,28.899263
-74.035411,28.506567
-74.565917,28.111762
-75.092543,27.712297
-75.61536,27.31341
-76.134443,26.912558
-76.649862,26.509788
-77.161691,26.107783
