x1,x2
-12.011514,47.69429099999999
-12.523182,47.686374
-13.034958,47.689943
-13.546799,47.693277
-14.05866,47.691155
-14.570495,47.688736
-15.082261,47.684034
-15.593913,47.679036
-16.105405,47.669771
-16.616695,47.658227
-17.127737,47.643543
-17.638487,47.62632
-18.148902,47.608814
-18.658937,47.589301
-19.168549,47.564405
-19.677696,47.541229
-20.186333,47.513804
-20.694419,47.482131
-21.201912,47.450202
-21.708768,47.41603
-22.214949,47.379619
-22.720411,47.340975
-23.225115,47.302107
-23.72902,47.257017
-24.232088,47.21372
-24.734279,47.166215
-25.235555,47.114504
-25.735877,47.062609
-26.235209,47.008532
-26.733514,46.954055
-27.230756,46.895882
-27.7269,46.833295
-28.22191,46.770578
-28.715752,46.707747
-29.208394,46.638743
-29.699803,46.569645
-30.189946,46.49844
-30.678792,46.42514
-31.166312,46.349755
-31.652474,46.274335
-32.13725,46.192775
-32.620612,46.111202
-33.102532,46.02759
-33.582984,45.944003
-34.061941,45.856353
-34.539378,45.766699
-35.015272,45.675056
-35.489597,45.57937
-35.962333,45.48585
-36.433456,45.386241
-36.902945,45.288838
-37.37078,45.185359
-37.836941,45.084127
-38.30141,44.976831
-38.764168,44.869734
-39.225198,44.762861
-39.684484,44.652042
-40.142009,44.537277
-40.597759,44.422783
-41.051719,44.307816
-41.503876,44.190484
-41.954218,44.070596
-42.402732,43.946813
-42.849407,43.823394
-43.294232,43.698234
-43.737198,43.573485
-44.178296,43.443018
-44.617517,43.314599
-45.054853,43.180623
-45.490297,43.046827
-45.923843,42.911528
-46.355486,42.776756
-46.785219,42.63603
-47.213039,42.496765
-47.638942,42.3541
-48.062924,42.210759
-48.484983,42.065854
-48.905116,41.919926
-49.323323,41.773614
-49.739602,41.621907
-50.153952,41.470896
-50.566375,41.320611
-50.97687,41.16664
-51.385439,41.008983
-51.792084,40.854333
-52.196805,40.696025
-52.599607,40.534058
-53.000493,40.375174
-53.399465,40.210407
-53.796527,40.046514
-54.191685,39.883527
-54.584942,39.714666
-54.976305,39.549014
-55.365778,39.379777
-55.753367,39.209236
-56.139079,39.037134
-56.522921,38.864305
-56.904899,38.689449
-57.285021,38.513126
-57.663294,38.335173
-58.039727,38.157206
-58.414327,37.980154
-58.787103,37.79736
-59.158064,37.61805
-59.527219,37.432899
-59.894576,37.25128
-60.260147,37.066179
-60.62394,36.877591
-60.985966,36.692608
-61.346234,36.501793
-61.704755,36.312254
-62.06154,36.12164
-62.4166,35.929961
-62.769945,35.739627
-63.121587,35.543463
-63.471536,35.348667
-63.819805,35.155269
-64.166405,34.956044
-64.511348,34.75824
-64.854646,34.561887
-65.19631,34.362035
-65.536352,34.161442
-65.874786,33.95735
-66.211623,33.754767
-66.546876,33.553721
-66.880557,33.346847
-67.212678,33.141532
-67.543253,32.935329
-67.872295,32.728249
-68.199815,32.520303
-68.525828,32.3115
-68.850345,32.101852
-69.17338,31.891369
-69.494945,31.680062
-69.815055,31.468511
-70.133722,31.255017
-70.450958,31.041298
-70.766778,30.826796
-71.081195,30.61406
-71.394221,30.398026
-71.70587,30.181237
-72.016155,29.963705
-72.325089,29.745437
-72.632686,29.526444
-72.938959,29.306735
-73.24392,29.083741
-73.547584,28.865207
-73.849964,28.643405
-74.151072,28.418329
-74.450923,28.195172
-74.749528,27.973959
-75.046902,27.746882
-75.343057,27.521767
-75.638006,27.296065
-75.931764,27.069638
-76.224342,26.842641
-76.515754,26.615035
-76.806013,26.388621
-77.095131,26.160306
-77.383123,25.931289
