x1,x2
-13.509346,47.691229
-15.519046,47.678232
-17.526398,47.630067
-19.528728,47.548811
-21.523409,47.42881
-23.507894,47.278191
-25.479736,47.089481
-27.43661,46.871011
-29.376333,46.617394
-31.29688,46.331195
-33.196395,46.011058
-35.073201,45.661701
-36.925805,45.281879
-38.752902,44.87444
-40.553374,44.436121
-42.326286,43.969814
-44.070884,43.474291
-45.786583,42.956745
-47.472964,42.411768
-49.12976,41.840203
-50.756844,41.247243
-52.354225,40.631643
-53.922027,39.994285
-55.460485,39.33828
-56.969929,38.657764
-58.450775,37.960295
-59.903514,37.246758
-61.3287,36.511033
-62.726945,35.760813
-64.098907,34.99692
-65.44528,34.212964
-66.766793,33.419189
-68.064198,32.606652
-69.338267,31.783264
-70.589785,30.94973
-71.819546,30.101715
-73.028351,29.239745
-74.217,28.371973
-75.386295,27.488793
-76.537031,26.598381
