perf,t,u
0.9,421.05525881717216,0.39398637348623106
0.902020202020202,420.11224603945146,0.39310398538196034
0.9040404040404041,419.17344784344306,0.39222554090709905
0.9060606060606061,418.23883603796736,0.3913510136882338
0.908080808080808,417.30838268271367,0.39048037758218496
0.9101010101010102,416.3820600854534,0.389613606670179
0.9121212121212122,415.45984079929224,0.3887506752773904
0.9141414141414141,414.54169761996206,0.3878915579437474
0.9161616161616162,413.6276035831421,0.3870362294408891
0.9181818181818181,412.7175319618241,0.3861846647571264
0.9202020202020202,411.8114562637006,0.38533683910702754
0.9222222222222222,410.9093502286025,0.38449272791661104
0.9242424242424243,410.01118782595455,0.3836523068282976
0.9262626262626263,409.1169432522772,0.38281555169873055
0.9282828282828283,408.2265909287111,0.3819824385941039
0.9303030303030304,407.3401054985816,0.38115294378286146
0.9323232323232323,406.45746182498914,0.38032704375228077
0.9343434343434344,405.57863498843585,0.3795047151783942
0.9363636363636363,404.70360028447743,0.37868593494692787
0.9383838383838384,403.83233322140995,0.3778706801401941
0.9404040404040405,402.96480951798486,0.3770589280389475
0.9424242424242425,402.1010051011521,0.37625065612068537
0.9444444444444445,401.24089610383623,0.3754458420451906
0.9464646464646467,400.3844588627337,0.3746444636764873
0.9484848484848486,399.531669916146,0.37384649906111145
0.9505050505050505,398.6825060018383,0.3730519264276225
0.9525252525252526,397.8369440549191,0.3722607242000144
0.9545454545454546,396.99496120575753,0.37147287097580006
0.9565656565656565,396.15653477791903,0.3706883455347587
0.9585858585858587,395.3216422861291,0.3699071268376084
0.9606060606060607,394.49026143426335,0.369129194025286
0.9626262626262627,393.6623701133641,0.3683545264069644
0.9646464646464646,392.83794639967925,0.36758310346854384
0.9666666666666668,392.01696855272723,0.3668149048676852
0.9686868686868688,391.19941501338604,0.3660499104314901
0.9707070707070706,390.3852644020056,0.36528810015782126
0.9727272727272728,389.57449551654605,0.36452945420141886
0.9747474747474749,388.76708733073394,0.3637739528909278
0.9767676767676767,387.96301899224807,0.363021576714844
0.9787878787878789,387.1622698209205,0.3622723063211344
0.980808080808081,386.36481930696726,0.36152612252162253
0.9828282828282829,385.57064710923584,0.3607830062782211
0.9848484848484849,384.7797330534743,0.36004293871846194
0.9868686868686869,383.9920571306246,0.3593059011154121
0.9888888888888889,383.20759949513507,0.3585718749046386
0.990909090909091,382.42634046329414,0.3578408416617578
0.992929292929293,381.6482605115809,0.35711278312269856
0.994949494949495,380.8733402750437,0.3563876811656595
0.9969696969696971,380.10156054568887,0.355665517818179
0.998989898989899,379.3329022708975,0.3549462752516652
1.0010101010101011,378.5673465518544,0.35422993578092965
1.003030303030303,377.80487464200127,0.3535164818694584
1.0050505050505052,377.04546794550663,0.35280589610999435
1.007070707070707,376.28910801575137,0.3520981612495198
1.009090909090909,375.53577655383884,0.35139326016202443
1.011111111111111,374.78545540711735,0.35069117586043447
1.013131313131313,374.03812656772095,0.3499918914938025
1.0151515151515151,373.29377217112983,0.34929539034997853
1.0171717171717172,372.55237449474794,0.34860165584208397
1.0191919191919192,371.8139159564944,0.3479106715220142
1.0212121212121212,371.07837911341517,0.3472224210639641
1.0232323232323233,370.345746660309,0.3465368882770782
1.0252525252525253,369.6160014283688,0.3458540571011587
1.0272727272727273,368.8891263838446,0.34517391159068816
1.0292929292929294,368.165104626714,0.3444964359337954
1.0313131313131314,367.4439193893742,0.34382161444103476
1.0333333333333334,366.7255540353473,0.3431494315459913
1.0353535353535355,366.00999205800065,0.34247987180447487
1.0373737373737375,365.29721707928366,0.3418129198907633
1.0393939393939395,364.5872128484776,0.34114856059828685
1.0414141414141413,363.8799632409605,0.3404867788357936
1.0434343434343434,363.17545225698467,0.33982755963733036
1.0454545454545454,362.4736640204742,0.3391708881465831
1.0474747474747474,361.7745827778296,0.3385167496201972
1.0494949494949495,361.07819289674836,0.3378651294339561
1.0515151515151515,360.38447886506253,0.33721601306954246
1.0535353535353535,359.6934252895845,0.3365693861233376
1.0555555555555556,359.0050168949685,0.33592523430703664
1.0575757575757576,358.3192385225879,0.3352835434307757
1.0595959595959596,357.63607512941786,0.3346442994232799
1.0616161616161617,356.9555117869398,0.3340074883116158
1.0636363636363637,356.2775336800517,0.33337309623761274
1.0656565656565657,355.60212610599393,0.33274110943828394
1.0676767676767678,354.9292744732848,0.3321115142636288
1.0696969696969698,354.2589643006723,0.3314842971638601
1.0717171717171718,353.5911812160929,0.3308594446907616
1.0737373737373739,352.92591095564575,0.3302369434953916
1.075757575757576,352.26313936257753,0.3296167803325691
1.077777777777778,351.60285238627574,0.32899894205357044
1.07979797979798,350.9450360812783,0.32838341561152434
1.0818181818181818,350.28967660629104,0.3277701880550555
1.083838383838384,349.6367602232169,0.32715924652509537
1.085858585858586,348.9862732961946,0.3265505782689449
1.087878787878788,348.3382022906525,0.3259441706168218
1.08989898989899,347.6925337723663,0.3253400109994626
1.091919191919192,347.04925440653307,0.3247380869419832
1.0939393939393942,346.40835095685236,0.32413838605504863
1.0959595959595962,345.76981028461904,0.323540896047996
1.097979797979798,345.13361934782455,0.3229456047170073
1.1,344.49976520026945,0.32235249994500154
