perf,t,u
0.9,8777.3914974471,5319.56974652818
0.9222222222222222,8660.437178467875,4553.384818461913
0.9444444444444445,11503.164840092704,767.5128245345022
0.9666666666666668,11236.659854071671,756.6718800196696
0.9888888888888889,10986.595769745725,727.3858253609659
1.011111111111111,10747.35561976353,689.9350485152969
1.0333333333333334,10513.052201414534,690.7422141439102
1.0555555555555556,10387.489041043673,878.575320993886
1.077777777777778,10170.845658495038,752.3021879447157
1.1,9031.351341592514,8876.519978779765
