perf,t,u
0.9,421.05525881717216,0.39398637348623106
0.9222222222222222,410.9093502286025,0.38449272791661104
0.9444444444444445,401.24089610383623,0.3754458420451906
0.9666666666666668,392.01696855272723,0.3668149048676852
0.9888888888888889,383.20759949513507,0.3585718749046386
1.011111111111111,374.78545540711735,0.35069117586043447
1.0333333333333334,366.7255540353473,0.3431494315459913
1.0555555555555556,359.0050168949685,0.33592523430703664
1.077777777777778,351.60285238627574,0.32899894205357044
1.1,344.49976520026945,0.32235249994500154
